,genotype,fitness,mapping_values,tree_depth,phenotype,other_info
0,"[[0], [0], [0], [0], [0, 0], [0], [0], [], [0, 0, 0, 0], [0, 0], [0, 0, 0, 0, 0], [0, 0, 0, 0], [], [], [0, 2, 2, 0, 5, 4, 5, 2, 3, 5, 5, 5, 0, 2], [], [0, 0], [], [0, 0, 0, 0, 0], [], []]",0.4502196538367388,"[1, 1, 1, 1, 2, 1, 1, 0, 4, 2, 5, 4, 0, 0, 14, 0, 2, 0, 5, 0, 0]",6,(cte[0]|_div_|(1+1+_exp_((cte[2]-x[0])|_div_|cte[2])))*((1-cte[0]*(x[0]-cte[5])|_div_|cte[4])*(1-_sig_(0.2*(x[0]-(cte[5]+cte[2]))))+(1-cte[3])*_exp_((cte[5]+cte[5]-x[0])|_div_|cte[5])*_sig_(0.2*(x[0]-(cte[0]+cte[2])))),"{'generation': 0, 'evals': 1, 'test_error': 0.0}"
1,"[[0], [0], [0], [0], [0, 0], [0], [0], [], [0, 0, 0, 0], [0, 0], [0, 0, 0, 0, 0], [0, 0, 0, 0], [], [], [0, 2, 2, 0, 5, 4, 5, 2, 3, 5, 5, 5, 0, 2], [], [0, 0], [], [0, 0, 0, 0, 0], [], []]",0.4502196538367388,"[1, 1, 1, 1, 2, 1, 1, 0, 4, 2, 5, 4, 0, 0, 14, 0, 2, 0, 5, 0, 0]",6,(cte[0]|_div_|(1+1+_exp_((cte[2]-x[0])|_div_|cte[2])))*((1-cte[0]*(x[0]-cte[5])|_div_|cte[4])*(1-_sig_(0.2*(x[0]-(cte[5]+cte[2]))))+(1-cte[3])*_exp_((cte[5]+cte[5]-x[0])|_div_|cte[5])*_sig_(0.2*(x[0]-(cte[0]+cte[2])))),"{'generation': 0, 'evals': 1, 'test_error': 0.0}"
2,"[[0], [0], [0], [0], [0, 0], [0], [0], [], [0, 0, 0, 0], [0, 0], [0, 0, 0, 0, 0], [0, 0, 0, 0], [], [], [0, 2, 2, 0, 5, 4, 5, 2, 3, 5, 5, 5, 0, 2], [], [0, 0], [], [0, 0, 0, 0, 0], [], []]",0.4502196538367388,"[1, 1, 1, 1, 2, 1, 1, 0, 4, 2, 5, 4, 0, 0, 14, 0, 2, 0, 5, 0, 0]",6,(cte[0]|_div_|(1+1+_exp_((cte[2]-x[0])|_div_|cte[2])))*((1-cte[0]*(x[0]-cte[5])|_div_|cte[4])*(1-_sig_(0.2*(x[0]-(cte[5]+cte[2]))))+(1-cte[3])*_exp_((cte[5]+cte[5]-x[0])|_div_|cte[5])*_sig_(0.2*(x[0]-(cte[0]+cte[2])))),"{'generation': 0, 'evals': 1, 'test_error': 0.0}"
3,"[[0], [0], [0], [0], [0, 0], [0], [0], [], [0, 0, 0, 0], [0, 0], [0, 0, 0, 0, 0], [0, 0, 0, 0], [], [], [0, 2, 2, 0, 5, 4, 5, 2, 3, 5, 5, 5, 0, 2], [], [0, 0], [], [0, 0, 0, 0, 0], [], []]",0.4502196538367388,"[1, 1, 1, 1, 2, 1, 1, 0, 4, 2, 5, 4, 0, 0, 14, 0, 2, 0, 5, 0, 0]",6,(cte[0]|_div_|(1+1+_exp_((cte[2]-x[0])|_div_|cte[2])))*((1-cte[0]*(x[0]-cte[5])|_div_|cte[4])*(1-_sig_(0.2*(x[0]-(cte[5]+cte[2]))))+(1-cte[3])*_exp_((cte[5]+cte[5]-x[0])|_div_|cte[5])*_sig_(0.2*(x[0]-(cte[0]+cte[2])))),"{'generation': 0, 'evals': 1, 'test_error': 0.0}"
4,"[[0], [0], [0], [0], [0, 0], [0], [0], [], [0, 0, 0, 0], [0, 0], [0, 0, 0, 0, 0], [0, 0, 0, 0], [], [], [0, 2, 2, 0, 5, 4, 5, 2, 3, 5, 5, 5, 0, 2], [], [0, 0], [], [0, 0, 0, 0, 0], [], []]",0.4502196538367388,"[1, 1, 1, 1, 2, 1, 1, 0, 4, 2, 5, 4, 0, 0, 14, 0, 2, 0, 5, 0, 0]",6,(cte[0]|_div_|(1+1+_exp_((cte[2]-x[0])|_div_|cte[2])))*((1-cte[0]*(x[0]-cte[5])|_div_|cte[4])*(1-_sig_(0.2*(x[0]-(cte[5]+cte[2]))))+(1-cte[3])*_exp_((cte[5]+cte[5]-x[0])|_div_|cte[5])*_sig_(0.2*(x[0]-(cte[0]+cte[2])))),"{'generation': 0, 'evals': 1, 'test_error': 0.0}"
5,"[[0], [0], [0], [0], [0, 0], [0], [0], [], [0, 0, 0, 0], [0, 0], [0, 0, 0, 0, 0], [0, 0, 0, 0], [], [], [0, 2, 2, 0, 5, 4, 5, 2, 3, 5, 5, 5, 0, 2], [], [0, 0], [], [0, 0, 0, 0, 0], [], []]",0.4502196538367388,"[1, 1, 1, 1, 2, 1, 1, 0, 4, 2, 5, 4, 0, 0, 14, 0, 2, 0, 5, 0, 0]",6,(cte[0]|_div_|(1+1+_exp_((cte[2]-x[0])|_div_|cte[2])))*((1-cte[0]*(x[0]-cte[5])|_div_|cte[4])*(1-_sig_(0.2*(x[0]-(cte[5]+cte[2]))))+(1-cte[3])*_exp_((cte[5]+cte[5]-x[0])|_div_|cte[5])*_sig_(0.2*(x[0]-(cte[0]+cte[2])))),"{'generation': 0, 'evals': 1, 'test_error': 0.0}"
6,"[[0], [0], [0], [0], [0, 0], [0], [0], [], [0, 0, 0, 0], [0, 0], [0, 0, 0, 0, 0], [0, 0, 0, 0], [], [], [0, 2, 2, 0, 5, 4, 5, 2, 3, 5, 5, 5, 0, 2], [], [0, 0], [], [0, 0, 0, 0, 0], [], []]",0.4502196538367388,"[1, 1, 1, 1, 2, 1, 1, 0, 4, 2, 5, 4, 0, 0, 14, 0, 2, 0, 5, 0, 0]",6,(cte[0]|_div_|(1+1+_exp_((cte[2]-x[0])|_div_|cte[2])))*((1-cte[0]*(x[0]-cte[5])|_div_|cte[4])*(1-_sig_(0.2*(x[0]-(cte[5]+cte[2]))))+(1-cte[3])*_exp_((cte[5]+cte[5]-x[0])|_div_|cte[5])*_sig_(0.2*(x[0]-(cte[0]+cte[2])))),"{'generation': 0, 'evals': 1, 'test_error': 0.0}"
7,"[[0], [0], [0], [0], [0, 0], [0], [0], [], [0, 0, 0, 0], [0, 0], [0, 0, 0, 0, 0], [0, 0, 0, 0], [], [], [0, 2, 2, 0, 5, 4, 5, 2, 3, 5, 5, 5, 0, 2], [], [0, 0], [], [0, 0, 0, 0, 0], [], []]",0.4502196538367388,"[1, 1, 1, 1, 2, 1, 1, 0, 4, 2, 5, 4, 0, 0, 14, 0, 2, 0, 5, 0, 0]",6,(cte[0]|_div_|(1+1+_exp_((cte[2]-x[0])|_div_|cte[2])))*((1-cte[0]*(x[0]-cte[5])|_div_|cte[4])*(1-_sig_(0.2*(x[0]-(cte[5]+cte[2]))))+(1-cte[3])*_exp_((cte[5]+cte[5]-x[0])|_div_|cte[5])*_sig_(0.2*(x[0]-(cte[0]+cte[2])))),"{'generation': 0, 'evals': 1, 'test_error': 0.0}"
8,"[[0], [0], [0], [0], [0, 0], [0], [0], [], [0, 0, 0, 0], [0, 0], [0, 0, 0, 0, 0], [0, 0, 0, 0], [], [], [0, 2, 2, 0, 5, 4, 5, 2, 3, 5, 5, 5, 0, 2], [], [0, 0], [], [0, 0, 0, 0, 0], [], []]",0.4502196538367388,"[1, 1, 1, 1, 2, 1, 1, 0, 4, 2, 5, 4, 0, 0, 14, 0, 2, 0, 5, 0, 0]",6,(cte[0]|_div_|(1+1+_exp_((cte[2]-x[0])|_div_|cte[2])))*((1-cte[0]*(x[0]-cte[5])|_div_|cte[4])*(1-_sig_(0.2*(x[0]-(cte[5]+cte[2]))))+(1-cte[3])*_exp_((cte[5]+cte[5]-x[0])|_div_|cte[5])*_sig_(0.2*(x[0]-(cte[0]+cte[2])))),"{'generation': 0, 'evals': 1, 'test_error': 0.0}"
9,"[[0], [0], [0], [0], [0, 0], [0], [0], [], [0, 0, 0, 0], [0, 0], [0, 0, 0, 0, 0], [0, 0, 0, 0], [], [], [0, 2, 2, 0, 5, 4, 5, 2, 3, 5, 5, 5, 0, 2], [], [0, 0], [], [0, 0, 0, 0, 0], [], []]",0.4502196538367388,"[1, 1, 1, 1, 2, 1, 1, 0, 4, 2, 5, 4, 0, 0, 14, 0, 2, 0, 5, 0, 0]",6,(cte[0]|_div_|(1+1+_exp_((cte[2]-x[0])|_div_|cte[2])))*((1-cte[0]*(x[0]-cte[5])|_div_|cte[4])*(1-_sig_(0.2*(x[0]-(cte[5]+cte[2]))))+(1-cte[3])*_exp_((cte[5]+cte[5]-x[0])|_div_|cte[5])*_sig_(0.2*(x[0]-(cte[0]+cte[2])))),"{'generation': 0, 'evals': 1, 'test_error': 0.0}"
10,"[[0], [0], [0], [0], [0, 0], [0], [0], [], [0, 0, 0, 0], [0, 0], [0, 0, 0, 0, 0], [0, 0, 0, 0], [], [], [0, 2, 2, 0, 5, 4, 5, 2, 3, 5, 5, 5, 0, 2], [], [0, 0], [], [0, 0, 0, 0, 0], [], []]",0.4502196538367388,"[1, 1, 1, 1, 2, 1, 1, 0, 4, 2, 5, 4, 0, 0, 14, 0, 2, 0, 5, 0, 0]",6,(cte[0]|_div_|(1+1+_exp_((cte[2]-x[0])|_div_|cte[2])))*((1-cte[0]*(x[0]-cte[5])|_div_|cte[4])*(1-_sig_(0.2*(x[0]-(cte[5]+cte[2]))))+(1-cte[3])*_exp_((cte[5]+cte[5]-x[0])|_div_|cte[5])*_sig_(0.2*(x[0]-(cte[0]+cte[2])))),"{'generation': 0, 'evals': 1, 'test_error': 0.0}"
11,"[[0], [0], [0], [0], [0, 0], [0], [0], [], [0, 0, 0, 0], [0, 0], [0, 0, 0, 0, 0], [0, 0, 0, 0], [], [], [0, 2, 2, 0, 5, 4, 5, 2, 3, 5, 5, 5, 0, 2], [], [0, 0], [], [0, 0, 0, 0, 0], [], []]",0.4502196538367388,"[1, 1, 1, 1, 2, 1, 1, 0, 4, 2, 5, 4, 0, 0, 14, 0, 2, 0, 5, 0, 0]",6,(cte[0]|_div_|(1+1+_exp_((cte[2]-x[0])|_div_|cte[2])))*((1-cte[0]*(x[0]-cte[5])|_div_|cte[4])*(1-_sig_(0.2*(x[0]-(cte[5]+cte[2]))))+(1-cte[3])*_exp_((cte[5]+cte[5]-x[0])|_div_|cte[5])*_sig_(0.2*(x[0]-(cte[0]+cte[2])))),"{'generation': 0, 'evals': 1, 'test_error': 0.0}"
12,"[[0], [0], [0], [0], [0, 0], [0], [0], [], [0, 0, 0, 0], [0, 0], [0, 0, 0, 0, 0], [0, 0, 0, 0], [], [], [0, 2, 2, 0, 5, 4, 2, 5, 3, 5, 5, 5, 0, 2], [], [0, 0], [], [0, 0, 0, 0, 0], [], []]",0.4502196538367388,"[1, 1, 1, 1, 2, 1, 1, 0, 4, 2, 5, 4, 0, 0, 14, 0, 2, 0, 5, 0, 0]",6,(cte[0]|_div_|(1+1+_exp_((cte[2]-x[0])|_div_|cte[2])))*((1-cte[0]*(x[0]-cte[5])|_div_|cte[4])*(1-_sig_(0.2*(x[0]-(cte[2]+cte[5]))))+(1-cte[3])*_exp_((cte[5]+cte[5]-x[0])|_div_|cte[5])*_sig_(0.2*(x[0]-(cte[0]+cte[2])))),"{'generation': 0, 'evals': 1, 'test_error': 0.0}"
13,"[[0], [0], [0], [0], [0, 0], [0], [0], [], [0, 0, 0, 0], [0, 0], [0, 0, 0, 0, 0], [0, 0, 0, 0], [], [], [0, 2, 2, 0, 5, 4, 5, 2, 3, 5, 5, 5, 0, 2], [], [0, 0], [], [0, 0, 0, 0, 0], [], []]",0.4502196538367388,"[1, 1, 1, 1, 2, 1, 1, 0, 4, 2, 5, 4, 0, 0, 14, 0, 2, 0, 5, 0, 0]",6,(cte[0]|_div_|(1+1+_exp_((cte[2]-x[0])|_div_|cte[2])))*((1-cte[0]*(x[0]-cte[5])|_div_|cte[4])*(1-_sig_(0.2*(x[0]-(cte[5]+cte[2]))))+(1-cte[3])*_exp_((cte[5]+cte[5]-x[0])|_div_|cte[5])*_sig_(0.2*(x[0]-(cte[0]+cte[2])))),"{'generation': 0, 'evals': 1, 'test_error': 0.0}"
14,"[[0], [0], [0], [0], [0, 0], [0], [0], [], [0, 0, 0, 0], [0, 0], [0, 0, 0, 0, 0], [0, 0, 0, 0], [], [], [0, 2, 2, 0, 5, 4, 5, 2, 3, 5, 5, 5, 0, 2], [], [0, 0], [], [0, 0, 0, 0, 0], [], []]",0.4502196538367388,"[1, 1, 1, 1, 2, 1, 1, 0, 4, 2, 5, 4, 0, 0, 14, 0, 2, 0, 5, 0, 0]",6,(cte[0]|_div_|(1+1+_exp_((cte[2]-x[0])|_div_|cte[2])))*((1-cte[0]*(x[0]-cte[5])|_div_|cte[4])*(1-_sig_(0.2*(x[0]-(cte[5]+cte[2]))))+(1-cte[3])*_exp_((cte[5]+cte[5]-x[0])|_div_|cte[5])*_sig_(0.2*(x[0]-(cte[0]+cte[2])))),"{'generation': 0, 'evals': 1, 'test_error': 0.0}"
15,"[[0], [0], [0], [0], [0, 0], [0], [0], [], [0, 0, 0, 0], [0, 0], [0, 0, 0, 0, 0], [0, 0, 0, 0], [], [], [0, 2, 2, 0, 5, 4, 5, 2, 3, 5, 5, 5, 0, 2], [], [0, 0], [], [0, 0, 0, 0, 0], [], []]",0.4502196538367388,"[1, 1, 1, 1, 2, 1, 1, 0, 4, 2, 5, 4, 0, 0, 14, 0, 2, 0, 5, 0, 0]",6,(cte[0]|_div_|(1+1+_exp_((cte[2]-x[0])|_div_|cte[2])))*((1-cte[0]*(x[0]-cte[5])|_div_|cte[4])*(1-_sig_(0.2*(x[0]-(cte[5]+cte[2]))))+(1-cte[3])*_exp_((cte[5]+cte[5]-x[0])|_div_|cte[5])*_sig_(0.2*(x[0]-(cte[0]+cte[2])))),"{'generation': 0, 'evals': 1, 'test_error': 0.0}"
16,"[[0], [0], [0], [0], [0, 0], [0], [0], [], [0, 0, 0, 0], [0, 0], [0, 0, 0, 0, 0], [0, 0, 0, 0], [], [], [0, 2, 2, 0, 5, 4, 5, 2, 3, 5, 5, 5, 0, 2], [], [0, 0], [], [0, 0, 0, 0, 0], [], []]",0.4502196538367388,"[1, 1, 1, 1, 2, 1, 1, 0, 4, 2, 5, 4, 0, 0, 14, 0, 2, 0, 5, 0, 0]",6,(cte[0]|_div_|(1+1+_exp_((cte[2]-x[0])|_div_|cte[2])))*((1-cte[0]*(x[0]-cte[5])|_div_|cte[4])*(1-_sig_(0.2*(x[0]-(cte[5]+cte[2]))))+(1-cte[3])*_exp_((cte[5]+cte[5]-x[0])|_div_|cte[5])*_sig_(0.2*(x[0]-(cte[0]+cte[2])))),"{'generation': 0, 'evals': 1, 'test_error': 0.0}"
17,"[[0], [0], [0], [0], [0, 0], [0], [0], [], [0, 0, 0, 0], [0, 0], [0, 0, 0, 0, 0], [0, 0, 0, 0], [], [], [0, 2, 2, 0, 5, 4, 5, 2, 3, 5, 5, 5, 0, 2], [], [0, 0], [], [0, 0, 0, 0, 0], [], []]",0.4502196538367388,"[1, 1, 1, 1, 2, 1, 1, 0, 4, 2, 5, 4, 0, 0, 14, 0, 2, 0, 5, 0, 0]",6,(cte[0]|_div_|(1+1+_exp_((cte[2]-x[0])|_div_|cte[2])))*((1-cte[0]*(x[0]-cte[5])|_div_|cte[4])*(1-_sig_(0.2*(x[0]-(cte[5]+cte[2]))))+(1-cte[3])*_exp_((cte[5]+cte[5]-x[0])|_div_|cte[5])*_sig_(0.2*(x[0]-(cte[0]+cte[2])))),"{'generation': 0, 'evals': 1, 'test_error': 0.0}"
18,"[[0], [0], [0], [0], [0, 0], [0], [0], [], [0, 0, 0, 0], [0, 0], [0, 0, 0, 0, 0], [0, 0, 0, 0], [], [], [0, 2, 2, 0, 5, 4, 5, 2, 3, 5, 5, 5, 0, 2], [], [0, 0], [], [0, 0, 0, 0, 0], [], []]",0.4502196538367388,"[1, 1, 1, 1, 2, 1, 1, 0, 4, 2, 5, 4, 0, 0, 14, 0, 2, 0, 5, 0, 0]",6,(cte[0]|_div_|(1+1+_exp_((cte[2]-x[0])|_div_|cte[2])))*((1-cte[0]*(x[0]-cte[5])|_div_|cte[4])*(1-_sig_(0.2*(x[0]-(cte[5]+cte[2]))))+(1-cte[3])*_exp_((cte[5]+cte[5]-x[0])|_div_|cte[5])*_sig_(0.2*(x[0]-(cte[0]+cte[2])))),"{'generation': 0, 'evals': 1, 'test_error': 0.0}"
19,"[[0], [0], [0], [0], [0, 0], [0], [0], [], [0, 0, 0, 0], [0, 0], [0, 0, 0, 0, 0], [0, 0, 0, 0], [], [], [0, 2, 2, 0, 5, 4, 5, 2, 3, 5, 5, 5, 0, 2], [], [0, 0], [], [0, 0, 0, 0, 0], [], []]",0.4502196538367388,"[1, 1, 1, 1, 2, 1, 1, 0, 4, 2, 5, 4, 0, 0, 14, 0, 2, 0, 5, 0, 0]",6,(cte[0]|_div_|(1+1+_exp_((cte[2]-x[0])|_div_|cte[2])))*((1-cte[0]*(x[0]-cte[5])|_div_|cte[4])*(1-_sig_(0.2*(x[0]-(cte[5]+cte[2]))))+(1-cte[3])*_exp_((cte[5]+cte[5]-x[0])|_div_|cte[5])*_sig_(0.2*(x[0]-(cte[0]+cte[2])))),"{'generation': 0, 'evals': 1, 'test_error': 0.0}"
20,"[[0], [0], [0], [0], [0, 0], [0], [0], [], [0, 0, 0, 0], [0, 0], [0, 0, 0, 0, 0], [0, 0, 0, 0], [], [], [0, 2, 2, 0, 5, 4, 5, 2, 3, 5, 5, 5, 0, 2], [], [0, 0], [], [0, 0, 0, 0, 0], [], []]",0.4502196538367388,"[1, 1, 1, 1, 2, 1, 1, 0, 4, 2, 5, 4, 0, 0, 14, 0, 2, 0, 5, 0, 0]",6,(cte[0]|_div_|(1+1+_exp_((cte[2]-x[0])|_div_|cte[2])))*((1-cte[0]*(x[0]-cte[5])|_div_|cte[4])*(1-_sig_(0.2*(x[0]-(cte[5]+cte[2]))))+(1-cte[3])*_exp_((cte[5]+cte[5]-x[0])|_div_|cte[5])*_sig_(0.2*(x[0]-(cte[0]+cte[2])))),"{'generation': 0, 'evals': 1, 'test_error': 0.0}"
21,"[[0], [0], [0], [0], [0, 0], [0], [0], [], [0, 0, 0, 0], [0, 0], [0, 0, 0, 0, 0], [0, 0, 0, 0], [], [], [0, 2, 2, 0, 5, 4, 5, 2, 3, 5, 5, 5, 0, 2], [], [0, 0], [], [0, 0, 0, 0, 0], [], []]",0.4502196538367388,"[1, 1, 1, 1, 2, 1, 1, 0, 4, 2, 5, 4, 0, 0, 14, 0, 2, 0, 5, 0, 0]",6,(cte[0]|_div_|(1+1+_exp_((cte[2]-x[0])|_div_|cte[2])))*((1-cte[0]*(x[0]-cte[5])|_div_|cte[4])*(1-_sig_(0.2*(x[0]-(cte[5]+cte[2]))))+(1-cte[3])*_exp_((cte[5]+cte[5]-x[0])|_div_|cte[5])*_sig_(0.2*(x[0]-(cte[0]+cte[2])))),"{'generation': 0, 'evals': 1, 'test_error': 0.0}"
22,"[[0], [0], [0], [0], [0, 0], [0], [0], [], [0, 0, 0, 0], [0, 0], [0, 0, 0, 0, 0], [0, 0, 0, 0], [], [], [0, 2, 2, 0, 5, 4, 5, 2, 3, 5, 5, 5, 0, 2], [], [0, 0], [], [0, 0, 0, 0, 0], [], []]",0.4502196538367388,"[1, 1, 1, 1, 2, 1, 1, 0, 4, 2, 5, 4, 0, 0, 14, 0, 2, 0, 5, 0, 0]",6,(cte[0]|_div_|(1+1+_exp_((cte[2]-x[0])|_div_|cte[2])))*((1-cte[0]*(x[0]-cte[5])|_div_|cte[4])*(1-_sig_(0.2*(x[0]-(cte[5]+cte[2]))))+(1-cte[3])*_exp_((cte[5]+cte[5]-x[0])|_div_|cte[5])*_sig_(0.2*(x[0]-(cte[0]+cte[2])))),"{'generation': 0, 'evals': 1, 'test_error': 0.0}"
23,"[[0], [0], [0], [0], [0, 0], [0], [0], [], [0, 0, 0, 0], [0, 0], [0, 0, 0, 0, 0], [0, 0, 0, 0], [], [], [0, 2, 2, 0, 5, 4, 5, 2, 3, 5, 5, 5, 0, 2], [], [0, 0], [], [0, 0, 0, 0, 0], [], []]",0.4502196538367388,"[1, 1, 1, 1, 2, 1, 1, 0, 4, 2, 5, 4, 0, 0, 14, 0, 2, 0, 5, 0, 0]",6,(cte[0]|_div_|(1+1+_exp_((cte[2]-x[0])|_div_|cte[2])))*((1-cte[0]*(x[0]-cte[5])|_div_|cte[4])*(1-_sig_(0.2*(x[0]-(cte[5]+cte[2]))))+(1-cte[3])*_exp_((cte[5]+cte[5]-x[0])|_div_|cte[5])*_sig_(0.2*(x[0]-(cte[0]+cte[2])))),"{'generation': 0, 'evals': 1, 'test_error': 0.0}"
24,"[[0], [0], [0], [0], [0, 0], [0], [0], [], [0, 0, 0, 0], [0, 0], [0, 0, 0, 0, 0], [0, 0, 0, 0], [], [], [0, 2, 2, 0, 5, 4, 5, 2, 3, 5, 5, 5, 0, 2], [], [0, 0], [], [0, 0, 0, 0, 0], [], []]",0.4502196538367388,"[1, 1, 1, 1, 2, 1, 1, 0, 4, 2, 5, 4, 0, 0, 14, 0, 2, 0, 5, 0, 0]",6,(cte[0]|_div_|(1+1+_exp_((cte[2]-x[0])|_div_|cte[2])))*((1-cte[0]*(x[0]-cte[5])|_div_|cte[4])*(1-_sig_(0.2*(x[0]-(cte[5]+cte[2]))))+(1-cte[3])*_exp_((cte[5]+cte[5]-x[0])|_div_|cte[5])*_sig_(0.2*(x[0]-(cte[0]+cte[2])))),"{'generation': 0, 'evals': 1, 'test_error': 0.0}"
25,"[[0], [0], [0], [0], [0, 0], [0], [0], [], [0, 0, 0, 0], [0, 0], [0, 0, 0, 0, 0], [0, 0, 0, 0], [], [], [0, 2, 2, 0, 5, 4, 5, 2, 3, 5, 5, 5, 0, 2], [], [0, 0], [], [0, 0, 0, 0, 0], [], []]",0.4502196538367388,"[1, 1, 1, 1, 2, 1, 1, 0, 4, 2, 5, 4, 0, 0, 14, 0, 2, 0, 5, 0, 0]",6,(cte[0]|_div_|(1+1+_exp_((cte[2]-x[0])|_div_|cte[2])))*((1-cte[0]*(x[0]-cte[5])|_div_|cte[4])*(1-_sig_(0.2*(x[0]-(cte[5]+cte[2]))))+(1-cte[3])*_exp_((cte[5]+cte[5]-x[0])|_div_|cte[5])*_sig_(0.2*(x[0]-(cte[0]+cte[2])))),"{'generation': 0, 'evals': 1, 'test_error': 0.0}"
26,"[[0], [0], [0], [0], [0, 0], [0], [0], [], [0, 0, 0, 0], [0, 0], [0, 0, 0, 0, 0], [0, 0, 0, 0], [], [], [0, 2, 2, 0, 5, 4, 5, 2, 3, 5, 5, 5, 0, 2], [], [0, 0], [], [0, 0, 0, 0, 0], [], []]",0.4502196538367388,"[1, 1, 1, 1, 2, 1, 1, 0, 4, 2, 5, 4, 0, 0, 14, 0, 2, 0, 5, 0, 0]",6,(cte[0]|_div_|(1+1+_exp_((cte[2]-x[0])|_div_|cte[2])))*((1-cte[0]*(x[0]-cte[5])|_div_|cte[4])*(1-_sig_(0.2*(x[0]-(cte[5]+cte[2]))))+(1-cte[3])*_exp_((cte[5]+cte[5]-x[0])|_div_|cte[5])*_sig_(0.2*(x[0]-(cte[0]+cte[2])))),"{'generation': 0, 'evals': 1, 'test_error': 0.0}"
27,"[[0], [0], [0], [0], [0, 0], [0], [0], [], [0, 0, 0, 0], [0, 0], [0, 0, 0, 0, 0], [0, 0, 0, 0], [], [], [0, 2, 2, 0, 5, 4, 2, 5, 3, 5, 5, 5, 0, 2], [], [0, 0], [], [0, 0, 0, 0, 0], [], []]",0.4502196538367388,"[1, 1, 1, 1, 2, 1, 1, 0, 4, 2, 5, 4, 0, 0, 14, 0, 2, 0, 5, 0, 0]",6,(cte[0]|_div_|(1+1+_exp_((cte[2]-x[0])|_div_|cte[2])))*((1-cte[0]*(x[0]-cte[5])|_div_|cte[4])*(1-_sig_(0.2*(x[0]-(cte[2]+cte[5]))))+(1-cte[3])*_exp_((cte[5]+cte[5]-x[0])|_div_|cte[5])*_sig_(0.2*(x[0]-(cte[0]+cte[2])))),"{'generation': 0, 'evals': 1, 'test_error': 0.0}"
28,"[[0], [0], [0], [0], [0, 0], [0], [0], [], [0, 0, 0, 0], [0, 0], [0, 0, 0, 0, 0], [0, 0, 0, 0], [], [], [0, 2, 2, 0, 5, 4, 5, 2, 3, 5, 5, 5, 0, 2], [], [0, 0], [], [0, 0, 0, 0, 0], [], []]",0.4502196538367388,"[1, 1, 1, 1, 2, 1, 1, 0, 4, 2, 5, 4, 0, 0, 14, 0, 2, 0, 5, 0, 0]",6,(cte[0]|_div_|(1+1+_exp_((cte[2]-x[0])|_div_|cte[2])))*((1-cte[0]*(x[0]-cte[5])|_div_|cte[4])*(1-_sig_(0.2*(x[0]-(cte[5]+cte[2]))))+(1-cte[3])*_exp_((cte[5]+cte[5]-x[0])|_div_|cte[5])*_sig_(0.2*(x[0]-(cte[0]+cte[2])))),"{'generation': 0, 'evals': 1, 'test_error': 0.0}"
29,"[[0], [0], [0], [0], [0, 0], [0], [0], [], [0, 0, 0, 0], [0, 0], [0, 0, 0, 0, 0], [0, 0, 0, 0], [], [], [0, 2, 2, 0, 5, 4, 5, 2, 3, 5, 5, 5, 0, 2], [], [0, 0], [], [0, 0, 0, 0, 0], [], []]",0.4502196538367388,"[1, 1, 1, 1, 2, 1, 1, 0, 4, 2, 5, 4, 0, 0, 14, 0, 2, 0, 5, 0, 0]",6,(cte[0]|_div_|(1+1+_exp_((cte[2]-x[0])|_div_|cte[2])))*((1-cte[0]*(x[0]-cte[5])|_div_|cte[4])*(1-_sig_(0.2*(x[0]-(cte[5]+cte[2]))))+(1-cte[3])*_exp_((cte[5]+cte[5]-x[0])|_div_|cte[5])*_sig_(0.2*(x[0]-(cte[0]+cte[2])))),"{'generation': 0, 'evals': 1, 'test_error': 0.0}"
30,"[[0], [0], [0], [0], [0, 0], [0], [0], [], [0, 0, 0, 0], [0, 0], [0, 0, 0, 0, 0], [0, 0, 0, 0], [], [], [0, 2, 2, 0, 5, 4, 5, 2, 3, 5, 5, 5, 0, 2], [], [0, 0], [], [0, 0, 0, 0, 0], [], []]",0.4502196538367388,"[1, 1, 1, 1, 2, 1, 1, 0, 4, 2, 5, 4, 0, 0, 14, 0, 2, 0, 5, 0, 0]",6,(cte[0]|_div_|(1+1+_exp_((cte[2]-x[0])|_div_|cte[2])))*((1-cte[0]*(x[0]-cte[5])|_div_|cte[4])*(1-_sig_(0.2*(x[0]-(cte[5]+cte[2]))))+(1-cte[3])*_exp_((cte[5]+cte[5]-x[0])|_div_|cte[5])*_sig_(0.2*(x[0]-(cte[0]+cte[2])))),"{'generation': 0, 'evals': 1, 'test_error': 0.0}"
31,"[[0], [0], [0], [0], [0, 0], [0], [0], [], [0, 0, 0, 0], [0, 0], [0, 0, 0, 0, 0], [0, 0, 0, 0], [], [], [0, 2, 2, 0, 5, 4, 5, 2, 3, 5, 5, 5, 0, 2], [], [0, 0], [], [0, 0, 0, 0, 0], [], []]",0.4502196538367388,"[1, 1, 1, 1, 2, 1, 1, 0, 4, 2, 5, 4, 0, 0, 14, 0, 2, 0, 5, 0, 0]",6,(cte[0]|_div_|(1+1+_exp_((cte[2]-x[0])|_div_|cte[2])))*((1-cte[0]*(x[0]-cte[5])|_div_|cte[4])*(1-_sig_(0.2*(x[0]-(cte[5]+cte[2]))))+(1-cte[3])*_exp_((cte[5]+cte[5]-x[0])|_div_|cte[5])*_sig_(0.2*(x[0]-(cte[0]+cte[2])))),"{'generation': 0, 'evals': 1, 'test_error': 0.0}"
32,"[[0], [0], [0], [0], [0, 0], [0], [0], [], [0, 0, 0, 0], [0, 0], [0, 0, 0, 0, 0], [0, 0, 0, 0], [], [], [0, 2, 2, 0, 5, 4, 5, 2, 3, 5, 5, 5, 0, 2], [], [0, 0], [], [0, 0, 0, 0, 0], [], []]",0.4502196538367388,"[1, 1, 1, 1, 2, 1, 1, 0, 4, 2, 5, 4, 0, 0, 14, 0, 2, 0, 5, 0, 0]",6,(cte[0]|_div_|(1+1+_exp_((cte[2]-x[0])|_div_|cte[2])))*((1-cte[0]*(x[0]-cte[5])|_div_|cte[4])*(1-_sig_(0.2*(x[0]-(cte[5]+cte[2]))))+(1-cte[3])*_exp_((cte[5]+cte[5]-x[0])|_div_|cte[5])*_sig_(0.2*(x[0]-(cte[0]+cte[2])))),"{'generation': 0, 'evals': 1, 'test_error': 0.0}"
33,"[[0], [0], [0], [0], [0, 0], [0], [0], [], [0, 0, 0, 0], [0, 0], [0, 0, 0, 0, 0], [0, 0, 0, 0], [], [], [0, 2, 2, 0, 5, 4, 5, 2, 3, 5, 5, 5, 0, 2], [], [0, 0], [], [0, 0, 0, 0, 0], [], []]",0.4502196538367388,"[1, 1, 1, 1, 2, 1, 1, 0, 4, 2, 5, 4, 0, 0, 14, 0, 2, 0, 5, 0, 0]",6,(cte[0]|_div_|(1+1+_exp_((cte[2]-x[0])|_div_|cte[2])))*((1-cte[0]*(x[0]-cte[5])|_div_|cte[4])*(1-_sig_(0.2*(x[0]-(cte[5]+cte[2]))))+(1-cte[3])*_exp_((cte[5]+cte[5]-x[0])|_div_|cte[5])*_sig_(0.2*(x[0]-(cte[0]+cte[2])))),"{'generation': 0, 'evals': 1, 'test_error': 0.0}"
34,"[[0], [0], [0], [0], [0, 0], [0], [0], [], [0, 0, 0, 0], [0, 0], [0, 0, 0, 0, 0], [0, 0, 0, 0], [], [], [0, 2, 2, 0, 5, 4, 5, 2, 3, 5, 5, 5, 0, 2], [], [0, 0], [], [0, 0, 0, 0, 0], [], []]",0.4502196538367388,"[1, 1, 1, 1, 2, 1, 1, 0, 4, 2, 5, 4, 0, 0, 14, 0, 2, 0, 5, 0, 0]",6,(cte[0]|_div_|(1+1+_exp_((cte[2]-x[0])|_div_|cte[2])))*((1-cte[0]*(x[0]-cte[5])|_div_|cte[4])*(1-_sig_(0.2*(x[0]-(cte[5]+cte[2]))))+(1-cte[3])*_exp_((cte[5]+cte[5]-x[0])|_div_|cte[5])*_sig_(0.2*(x[0]-(cte[0]+cte[2])))),"{'generation': 0, 'evals': 1, 'test_error': 0.0}"
35,"[[0], [0], [0], [0], [0, 0], [0], [0], [], [0, 0, 0, 0], [0, 0], [0, 0, 0, 0, 0], [0, 0, 0, 0], [], [], [0, 2, 2, 0, 5, 4, 5, 2, 3, 5, 5, 5, 0, 2], [], [0, 0], [], [0, 0, 0, 0, 0], [], []]",0.4502196538367388,"[1, 1, 1, 1, 2, 1, 1, 0, 4, 2, 5, 4, 0, 0, 14, 0, 2, 0, 5, 0, 0]",6,(cte[0]|_div_|(1+1+_exp_((cte[2]-x[0])|_div_|cte[2])))*((1-cte[0]*(x[0]-cte[5])|_div_|cte[4])*(1-_sig_(0.2*(x[0]-(cte[5]+cte[2]))))+(1-cte[3])*_exp_((cte[5]+cte[5]-x[0])|_div_|cte[5])*_sig_(0.2*(x[0]-(cte[0]+cte[2])))),"{'generation': 0, 'evals': 1, 'test_error': 0.0}"
36,"[[0], [0], [0], [0], [0, 0], [0], [0], [], [0, 0, 0, 0], [0, 0], [0, 0, 0, 0, 0], [0, 0, 0, 0], [], [], [0, 2, 2, 0, 5, 4, 5, 2, 3, 5, 5, 5, 0, 2], [], [0, 0], [], [0, 0, 0, 0, 0], [], []]",0.4502196538367388,"[1, 1, 1, 1, 2, 1, 1, 0, 4, 2, 5, 4, 0, 0, 14, 0, 2, 0, 5, 0, 0]",6,(cte[0]|_div_|(1+1+_exp_((cte[2]-x[0])|_div_|cte[2])))*((1-cte[0]*(x[0]-cte[5])|_div_|cte[4])*(1-_sig_(0.2*(x[0]-(cte[5]+cte[2]))))+(1-cte[3])*_exp_((cte[5]+cte[5]-x[0])|_div_|cte[5])*_sig_(0.2*(x[0]-(cte[0]+cte[2])))),"{'generation': 0, 'evals': 1, 'test_error': 0.0}"
37,"[[0], [0], [0], [0], [0, 0], [0], [0], [], [0, 0, 0, 0], [0, 0], [0, 0, 0, 0, 0], [0, 0, 0, 0], [], [], [0, 2, 2, 0, 5, 4, 5, 2, 3, 5, 5, 5, 0, 2], [], [0, 0], [], [0, 0, 0, 0, 0], [], []]",0.4502196538367388,"[1, 1, 1, 1, 2, 1, 1, 0, 4, 2, 5, 4, 0, 0, 14, 0, 2, 0, 5, 0, 0]",6,(cte[0]|_div_|(1+1+_exp_((cte[2]-x[0])|_div_|cte[2])))*((1-cte[0]*(x[0]-cte[5])|_div_|cte[4])*(1-_sig_(0.2*(x[0]-(cte[5]+cte[2]))))+(1-cte[3])*_exp_((cte[5]+cte[5]-x[0])|_div_|cte[5])*_sig_(0.2*(x[0]-(cte[0]+cte[2])))),"{'generation': 0, 'evals': 1, 'test_error': 0.0}"
38,"[[0], [0], [0], [0], [0, 0], [0], [0], [], [0, 0, 0, 0], [0, 0], [0, 0, 0, 0, 0], [0, 0, 0, 0], [], [], [0, 2, 2, 0, 5, 4, 5, 2, 3, 5, 5, 5, 0, 2], [], [0, 0], [], [0, 0, 0, 0, 0], [], []]",0.4502196538367388,"[1, 1, 1, 1, 2, 1, 1, 0, 4, 2, 5, 4, 0, 0, 14, 0, 2, 0, 5, 0, 0]",6,(cte[0]|_div_|(1+1+_exp_((cte[2]-x[0])|_div_|cte[2])))*((1-cte[0]*(x[0]-cte[5])|_div_|cte[4])*(1-_sig_(0.2*(x[0]-(cte[5]+cte[2]))))+(1-cte[3])*_exp_((cte[5]+cte[5]-x[0])|_div_|cte[5])*_sig_(0.2*(x[0]-(cte[0]+cte[2])))),"{'generation': 0, 'evals': 1, 'test_error': 0.0}"
39,"[[0], [0], [0], [0], [0, 0], [0], [0], [], [0, 0, 0, 0], [0, 0], [0, 0, 0, 0, 0], [0, 0, 0, 0], [], [], [0, 2, 2, 0, 5, 4, 2, 5, 3, 5, 5, 5, 0, 2], [], [0, 0], [], [0, 0, 0, 0, 0], [], []]",0.4502196538367388,"[1, 1, 1, 1, 2, 1, 1, 0, 4, 2, 5, 4, 0, 0, 14, 0, 2, 0, 5, 0, 0]",6,(cte[0]|_div_|(1+1+_exp_((cte[2]-x[0])|_div_|cte[2])))*((1-cte[0]*(x[0]-cte[5])|_div_|cte[4])*(1-_sig_(0.2*(x[0]-(cte[2]+cte[5]))))+(1-cte[3])*_exp_((cte[5]+cte[5]-x[0])|_div_|cte[5])*_sig_(0.2*(x[0]-(cte[0]+cte[2])))),"{'generation': 0, 'evals': 1, 'test_error': 0.0}"
40,"[[0], [0], [0], [0], [0, 0], [0], [0], [], [0, 0, 0, 0], [0, 0], [0, 0, 0, 0, 0], [0, 0, 0, 0], [], [], [0, 2, 2, 0, 5, 4, 2, 5, 3, 5, 5, 5, 0, 2], [], [0, 0], [], [0, 0, 0, 0, 0], [], []]",0.4502196538367388,"[1, 1, 1, 1, 2, 1, 1, 0, 4, 2, 5, 4, 0, 0, 14, 0, 2, 0, 5, 0, 0]",6,(cte[0]|_div_|(1+1+_exp_((cte[2]-x[0])|_div_|cte[2])))*((1-cte[0]*(x[0]-cte[5])|_div_|cte[4])*(1-_sig_(0.2*(x[0]-(cte[2]+cte[5]))))+(1-cte[3])*_exp_((cte[5]+cte[5]-x[0])|_div_|cte[5])*_sig_(0.2*(x[0]-(cte[0]+cte[2])))),"{'generation': 0, 'evals': 1, 'test_error': 0.0}"
41,"[[0], [0], [0], [0], [0, 0], [0], [0], [], [0, 0, 0, 0], [0, 0], [0, 0, 0, 0, 0], [0, 0, 0, 0], [], [], [0, 2, 2, 0, 5, 4, 5, 2, 3, 5, 5, 5, 0, 2], [], [0, 0], [], [0, 0, 0, 0, 0], [], []]",0.4502196538367388,"[1, 1, 1, 1, 2, 1, 1, 0, 4, 2, 5, 4, 0, 0, 14, 0, 2, 0, 5, 0, 0]",6,(cte[0]|_div_|(1+1+_exp_((cte[2]-x[0])|_div_|cte[2])))*((1-cte[0]*(x[0]-cte[5])|_div_|cte[4])*(1-_sig_(0.2*(x[0]-(cte[5]+cte[2]))))+(1-cte[3])*_exp_((cte[5]+cte[5]-x[0])|_div_|cte[5])*_sig_(0.2*(x[0]-(cte[0]+cte[2])))),"{'generation': 0, 'evals': 1, 'test_error': 0.0}"
42,"[[0], [0], [0], [0], [0, 0], [0], [0], [], [0, 0, 0, 0], [0, 0], [0, 0, 0, 0, 0], [0, 0, 0, 0], [], [], [0, 2, 2, 0, 5, 4, 5, 2, 3, 5, 5, 5, 0, 2], [], [0, 0], [], [0, 0, 0, 0, 0], [], []]",0.4502196538367388,"[1, 1, 1, 1, 2, 1, 1, 0, 4, 2, 5, 4, 0, 0, 14, 0, 2, 0, 5, 0, 0]",6,(cte[0]|_div_|(1+1+_exp_((cte[2]-x[0])|_div_|cte[2])))*((1-cte[0]*(x[0]-cte[5])|_div_|cte[4])*(1-_sig_(0.2*(x[0]-(cte[5]+cte[2]))))+(1-cte[3])*_exp_((cte[5]+cte[5]-x[0])|_div_|cte[5])*_sig_(0.2*(x[0]-(cte[0]+cte[2])))),"{'generation': 0, 'evals': 1, 'test_error': 0.0}"
43,"[[0], [0], [0], [0], [0, 0], [0], [0], [], [0, 0, 0, 0], [0, 0], [0, 0, 0, 0, 0], [0, 0, 0, 0], [], [], [0, 2, 2, 0, 5, 4, 5, 2, 3, 5, 5, 5, 0, 2], [], [0, 0], [], [0, 0, 0, 0, 0], [], []]",0.4502196538367388,"[1, 1, 1, 1, 2, 1, 1, 0, 4, 2, 5, 4, 0, 0, 14, 0, 2, 0, 5, 0, 0]",6,(cte[0]|_div_|(1+1+_exp_((cte[2]-x[0])|_div_|cte[2])))*((1-cte[0]*(x[0]-cte[5])|_div_|cte[4])*(1-_sig_(0.2*(x[0]-(cte[5]+cte[2]))))+(1-cte[3])*_exp_((cte[5]+cte[5]-x[0])|_div_|cte[5])*_sig_(0.2*(x[0]-(cte[0]+cte[2])))),"{'generation': 0, 'evals': 1, 'test_error': 0.0}"
44,"[[0], [0], [0], [0], [0, 0], [0], [0], [], [0, 0, 0, 0], [0, 0], [0, 0, 0, 0, 0], [0, 0, 0, 0], [], [], [0, 2, 2, 0, 5, 4, 5, 2, 3, 5, 5, 5, 0, 2], [], [0, 0], [], [0, 0, 0, 0, 0], [], []]",0.4502196538367388,"[1, 1, 1, 1, 2, 1, 1, 0, 4, 2, 5, 4, 0, 0, 14, 0, 2, 0, 5, 0, 0]",6,(cte[0]|_div_|(1+1+_exp_((cte[2]-x[0])|_div_|cte[2])))*((1-cte[0]*(x[0]-cte[5])|_div_|cte[4])*(1-_sig_(0.2*(x[0]-(cte[5]+cte[2]))))+(1-cte[3])*_exp_((cte[5]+cte[5]-x[0])|_div_|cte[5])*_sig_(0.2*(x[0]-(cte[0]+cte[2])))),"{'generation': 0, 'evals': 1, 'test_error': 0.0}"
45,"[[0], [0], [0], [0], [0, 0], [0], [0], [], [0, 0, 0, 0], [0, 0], [0, 0, 0, 0, 0], [0, 0, 0, 0], [], [], [0, 2, 2, 0, 5, 4, 5, 2, 3, 5, 5, 5, 0, 2], [], [0, 0], [], [0, 0, 0, 0, 0], [], []]",0.4502196538367388,"[1, 1, 1, 1, 2, 1, 1, 0, 4, 2, 5, 4, 0, 0, 14, 0, 2, 0, 5, 0, 0]",6,(cte[0]|_div_|(1+1+_exp_((cte[2]-x[0])|_div_|cte[2])))*((1-cte[0]*(x[0]-cte[5])|_div_|cte[4])*(1-_sig_(0.2*(x[0]-(cte[5]+cte[2]))))+(1-cte[3])*_exp_((cte[5]+cte[5]-x[0])|_div_|cte[5])*_sig_(0.2*(x[0]-(cte[0]+cte[2])))),"{'generation': 0, 'evals': 1, 'test_error': 0.0}"
46,"[[0], [0], [0], [0], [0, 0], [0], [0], [], [0, 0, 0, 0], [0, 0], [0, 0, 0, 0, 0], [0, 0, 0, 0], [], [], [0, 2, 2, 0, 5, 4, 5, 2, 3, 5, 5, 5, 0, 2], [], [0, 0], [], [0, 0, 0, 0, 0], [], []]",0.4502196538367388,"[1, 1, 1, 1, 2, 1, 1, 0, 4, 2, 5, 4, 0, 0, 14, 0, 2, 0, 5, 0, 0]",6,(cte[0]|_div_|(1+1+_exp_((cte[2]-x[0])|_div_|cte[2])))*((1-cte[0]*(x[0]-cte[5])|_div_|cte[4])*(1-_sig_(0.2*(x[0]-(cte[5]+cte[2]))))+(1-cte[3])*_exp_((cte[5]+cte[5]-x[0])|_div_|cte[5])*_sig_(0.2*(x[0]-(cte[0]+cte[2])))),"{'generation': 0, 'evals': 1, 'test_error': 0.0}"
47,"[[0], [0], [0], [0], [0, 0], [0], [0], [], [0, 0, 0, 0], [0, 0], [0, 0, 0, 0, 0], [0, 0, 0, 0], [], [], [0, 2, 2, 0, 5, 4, 5, 2, 3, 5, 5, 5, 0, 2], [], [0, 0], [], [0, 0, 0, 0, 0], [], []]",0.4502196538367388,"[1, 1, 1, 1, 2, 1, 1, 0, 4, 2, 5, 4, 0, 0, 14, 0, 2, 0, 5, 0, 0]",6,(cte[0]|_div_|(1+1+_exp_((cte[2]-x[0])|_div_|cte[2])))*((1-cte[0]*(x[0]-cte[5])|_div_|cte[4])*(1-_sig_(0.2*(x[0]-(cte[5]+cte[2]))))+(1-cte[3])*_exp_((cte[5]+cte[5]-x[0])|_div_|cte[5])*_sig_(0.2*(x[0]-(cte[0]+cte[2])))),"{'generation': 0, 'evals': 1, 'test_error': 0.0}"
48,"[[0], [0], [0], [0], [0, 0], [0], [0], [], [0, 0, 0, 0], [0, 0], [0, 0, 0, 0, 0], [0, 0, 0, 0], [], [], [0, 2, 2, 0, 5, 4, 5, 2, 3, 5, 5, 5, 0, 2], [], [0, 0], [], [0, 0, 0, 0, 0], [], []]",0.4502196538367388,"[1, 1, 1, 1, 2, 1, 1, 0, 4, 2, 5, 4, 0, 0, 14, 0, 2, 0, 5, 0, 0]",6,(cte[0]|_div_|(1+1+_exp_((cte[2]-x[0])|_div_|cte[2])))*((1-cte[0]*(x[0]-cte[5])|_div_|cte[4])*(1-_sig_(0.2*(x[0]-(cte[5]+cte[2]))))+(1-cte[3])*_exp_((cte[5]+cte[5]-x[0])|_div_|cte[5])*_sig_(0.2*(x[0]-(cte[0]+cte[2])))),"{'generation': 0, 'evals': 1, 'test_error': 0.0}"
49,"[[0], [0], [0], [0], [0, 0], [0], [0], [], [0, 0, 0, 0], [0, 0], [0, 0, 0, 0, 0], [0, 0, 0, 0], [], [], [0, 2, 2, 0, 5, 4, 5, 2, 3, 5, 5, 5, 0, 2], [], [0, 0], [], [0, 0, 0, 0, 0], [], []]",0.4502196538367388,"[1, 1, 1, 1, 2, 1, 1, 0, 4, 2, 5, 4, 0, 0, 14, 0, 2, 0, 5, 0, 0]",6,(cte[0]|_div_|(1+1+_exp_((cte[2]-x[0])|_div_|cte[2])))*((1-cte[0]*(x[0]-cte[5])|_div_|cte[4])*(1-_sig_(0.2*(x[0]-(cte[5]+cte[2]))))+(1-cte[3])*_exp_((cte[5]+cte[5]-x[0])|_div_|cte[5])*_sig_(0.2*(x[0]-(cte[0]+cte[2])))),"{'generation': 0, 'evals': 1, 'test_error': 0.0}"
50,"[[0], [0], [0], [0], [0, 0], [0], [0], [], [0, 0, 0, 0], [0, 0], [0, 0, 0, 0, 0], [0, 0, 0, 0], [], [], [0, 2, 2, 0, 5, 4, 3, 3, 3, 5, 5, 5, 0, 2], [], [0, 0], [], [0, 0, 0, 0, 0], [], []]",1.207969621754121,"[1, 1, 1, 1, 2, 1, 1, 0, 4, 2, 5, 4, 0, 0, 14, 0, 2, 0, 5, 0, 0]",6,(cte[0]|_div_|(1+1+_exp_((cte[2]-x[0])|_div_|cte[2])))*((1-cte[0]*(x[0]-cte[5])|_div_|cte[4])*(1-_sig_(0.2*(x[0]-(cte[3]+cte[3]))))+(1-cte[3])*_exp_((cte[5]+cte[5]-x[0])|_div_|cte[5])*_sig_(0.2*(x[0]-(cte[0]+cte[2])))),"{'generation': 0, 'evals': 1, 'test_error': 0.0}"
51,"[[0], [0], [0], [0], [0, 0], [0], [0], [], [0, 0, 0, 0], [0, 0], [0, 0, 0, 0, 0], [0, 0, 0, 0], [], [], [0, 0, 0, 0, 2, 4, 5, 2, 3, 5, 5, 5, 0, 2], [], [0, 0], [], [0, 0, 0, 0, 0], [], []]",1.2119620521437033,"[1, 1, 1, 1, 2, 1, 1, 0, 4, 2, 5, 4, 0, 0, 14, 0, 2, 0, 5, 0, 0]",6,(cte[0]|_div_|(1+1+_exp_((cte[0]-x[0])|_div_|cte[0])))*((1-cte[0]*(x[0]-cte[2])|_div_|cte[4])*(1-_sig_(0.2*(x[0]-(cte[5]+cte[2]))))+(1-cte[3])*_exp_((cte[5]+cte[5]-x[0])|_div_|cte[5])*_sig_(0.2*(x[0]-(cte[0]+cte[2])))),"{'generation': 0, 'evals': 1, 'test_error': 0.0}"
52,"[[0], [0], [0], [0], [0, 0], [0], [0], [], [0, 0, 0, 0], [0, 0], [0, 0, 0, 0, 0], [0, 0, 0, 0], [], [], [0, 2, 2, 0, 5, 2, 5, 1, 3, 5, 5, 1, 4, 3], [], [0, 0], [], [0, 0, 0, 0, 0], [], []]",1.3917079056900052,"[1, 1, 1, 1, 2, 1, 1, 0, 4, 2, 5, 4, 0, 0, 14, 0, 2, 0, 5, 0, 0]",6,(cte[0]|_div_|(1+1+_exp_((cte[2]-x[0])|_div_|cte[2])))*((1-cte[0]*(x[0]-cte[5])|_div_|cte[2])*(1-_sig_(0.2*(x[0]-(cte[5]+cte[1]))))+(1-cte[3])*_exp_((cte[5]+cte[5]-x[0])|_div_|cte[1])*_sig_(0.2*(x[0]-(cte[4]+cte[3])))),"{'generation': 0, 'evals': 1, 'test_error': 0.0}"
53,"[[0], [0], [0], [0], [0, 0], [0], [0], [], [0, 0, 0, 0], [0, 0], [0, 0, 0, 0, 0], [0, 0, 0, 0], [], [], [0, 3, 0, 0, 5, 4, 3, 5, 3, 5, 5, 5, 3, 2], [], [0, 0], [], [0, 0, 0, 0, 0], [], []]",1.5188856990026665,"[1, 1, 1, 1, 2, 1, 1, 0, 4, 2, 5, 4, 0, 0, 14, 0, 2, 0, 5, 0, 0]",6,(cte[0]|_div_|(1+1+_exp_((cte[3]-x[0])|_div_|cte[0])))*((1-cte[0]*(x[0]-cte[5])|_div_|cte[4])*(1-_sig_(0.2*(x[0]-(cte[3]+cte[5]))))+(1-cte[3])*_exp_((cte[5]+cte[5]-x[0])|_div_|cte[5])*_sig_(0.2*(x[0]-(cte[3]+cte[2])))),"{'generation': 0, 'evals': 1, 'test_error': 0.0}"
54,"[[0], [0], [0], [0], [0, 0], [0], [0], [], [0, 0, 0, 0], [0, 0], [0, 0, 0, 0, 0], [0, 0, 0, 0], [], [], [0, 2, 2, 0, 3, 4, 3, 2, 3, 5, 5, 5, 2, 3], [], [0, 0], [], [0, 0, 0, 0, 0], [], []]",1.5457689440979603,"[1, 1, 1, 1, 2, 1, 1, 0, 4, 2, 5, 4, 0, 0, 14, 0, 2, 0, 5, 0, 0]",6,(cte[0]|_div_|(1+1+_exp_((cte[2]-x[0])|_div_|cte[2])))*((1-cte[0]*(x[0]-cte[3])|_div_|cte[4])*(1-_sig_(0.2*(x[0]-(cte[3]+cte[2]))))+(1-cte[3])*_exp_((cte[5]+cte[5]-x[0])|_div_|cte[5])*_sig_(0.2*(x[0]-(cte[2]+cte[3])))),"{'generation': 0, 'evals': 1, 'test_error': 0.0}"
55,"[[0], [0], [0], [0], [0, 0], [0], [0], [], [0, 0, 0, 0], [0, 0], [0, 0, 0, 0, 0], [0, 0, 0, 0], [], [], [0, 2, 2, 0, 5, 1, 5, 2, 3, 2, 1, 5, 0, 3], [], [0, 0], [], [0, 0, 0, 0, 0], [], []]",2.4971481546868834,"[1, 1, 1, 1, 2, 1, 1, 0, 4, 2, 5, 4, 0, 0, 14, 0, 2, 0, 5, 0, 0]",6,(cte[0]|_div_|(1+1+_exp_((cte[2]-x[0])|_div_|cte[2])))*((1-cte[0]*(x[0]-cte[5])|_div_|cte[1])*(1-_sig_(0.2*(x[0]-(cte[5]+cte[2]))))+(1-cte[3])*_exp_((cte[2]+cte[1]-x[0])|_div_|cte[5])*_sig_(0.2*(x[0]-(cte[0]+cte[3])))),"{'generation': 0, 'evals': 1, 'test_error': 0.0}"
56,"[[0], [0], [0], [0], [0, 0], [0], [0], [], [0, 0, 0, 0], [0, 0], [0, 0, 0, 0, 0], [0, 0, 0, 0], [], [], [0, 2, 5, 0, 5, 4, 1, 2, 3, 3, 1, 5, 0, 2], [], [0, 0], [], [0, 0, 0, 0, 0], [], []]",3.518711854008226,"[1, 1, 1, 1, 2, 1, 1, 0, 4, 2, 5, 4, 0, 0, 14, 0, 2, 0, 5, 0, 0]",6,(cte[0]|_div_|(1+1+_exp_((cte[2]-x[0])|_div_|cte[5])))*((1-cte[0]*(x[0]-cte[5])|_div_|cte[4])*(1-_sig_(0.2*(x[0]-(cte[1]+cte[2]))))+(1-cte[3])*_exp_((cte[3]+cte[1]-x[0])|_div_|cte[5])*_sig_(0.2*(x[0]-(cte[0]+cte[2])))),"{'generation': 0, 'evals': 1, 'test_error': 0.0}"
57,"[[0], [0], [0], [0], [0, 0], [0], [0], [], [0, 0, 0, 0], [0, 0], [0, 0, 0, 0, 0], [0, 0, 0, 0], [], [], [0, 2, 2, 0, 0, 4, 5, 3, 3, 4, 5, 5, 0, 0], [], [0, 0], [], [0, 0, 0, 0, 0], [], []]",3.6003151164348095,"[1, 1, 1, 1, 2, 1, 1, 0, 4, 2, 5, 4, 0, 0, 14, 0, 2, 0, 5, 0, 0]",6,(cte[0]|_div_|(1+1+_exp_((cte[2]-x[0])|_div_|cte[2])))*((1-cte[0]*(x[0]-cte[0])|_div_|cte[4])*(1-_sig_(0.2*(x[0]-(cte[5]+cte[3]))))+(1-cte[3])*_exp_((cte[4]+cte[5]-x[0])|_div_|cte[5])*_sig_(0.2*(x[0]-(cte[0]+cte[0])))),"{'generation': 0, 'evals': 1, 'test_error': 0.0}"
58,"[[0], [0], [0], [0], [0, 0], [0], [0], [], [0, 0, 0, 0], [0, 0], [0, 0, 0, 0, 0], [0, 0, 0, 0], [], [], [0, 2, 2, 0, 5, 4, 5, 2, 3, 5, 0, 5, 4, 2], [], [0, 0], [], [0, 0, 0, 0, 0], [], []]",3.691901060257112,"[1, 1, 1, 1, 2, 1, 1, 0, 4, 2, 5, 4, 0, 0, 14, 0, 2, 0, 5, 0, 0]",6,(cte[0]|_div_|(1+1+_exp_((cte[2]-x[0])|_div_|cte[2])))*((1-cte[0]*(x[0]-cte[5])|_div_|cte[4])*(1-_sig_(0.2*(x[0]-(cte[5]+cte[2]))))+(1-cte[3])*_exp_((cte[5]+cte[0]-x[0])|_div_|cte[5])*_sig_(0.2*(x[0]-(cte[4]+cte[2])))),"{'generation': 0, 'evals': 1, 'test_error': 0.0}"
59,"[[0], [0], [0], [0], [0, 0], [0], [0], [], [0, 0, 0, 0], [0, 0], [0, 0, 0, 0, 0], [0, 0, 0, 0], [], [], [0, 2, 2, 0, 5, 4, 2, 5, 3, 5, 5, 2, 5, 2], [], [0, 0], [], [0, 0, 0, 0, 0], [], []]",4.020231099850039,"[1, 1, 1, 1, 2, 1, 1, 0, 4, 2, 5, 4, 0, 0, 14, 0, 2, 0, 5, 0, 0]",6,(cte[0]|_div_|(1+1+_exp_((cte[2]-x[0])|_div_|cte[2])))*((1-cte[0]*(x[0]-cte[5])|_div_|cte[4])*(1-_sig_(0.2*(x[0]-(cte[2]+cte[5]))))+(1-cte[3])*_exp_((cte[5]+cte[5]-x[0])|_div_|cte[2])*_sig_(0.2*(x[0]-(cte[5]+cte[2])))),"{'generation': 0, 'evals': 1, 'test_error': 0.0}"
60,"[[0], [0], [0], [0], [0, 0], [0], [0], [], [0, 0, 0, 0], [0, 0], [0, 0, 0, 0, 0], [0, 0, 0, 0], [], [], [0, 4, 2, 0, 2, 4, 5, 2, 3, 5, 0, 5, 0, 2], [], [0, 0], [], [0, 0, 0, 0, 0], [], []]",4.448077771074798,"[1, 1, 1, 1, 2, 1, 1, 0, 4, 2, 5, 4, 0, 0, 14, 0, 2, 0, 5, 0, 0]",6,(cte[0]|_div_|(1+1+_exp_((cte[4]-x[0])|_div_|cte[2])))*((1-cte[0]*(x[0]-cte[2])|_div_|cte[4])*(1-_sig_(0.2*(x[0]-(cte[5]+cte[2]))))+(1-cte[3])*_exp_((cte[5]+cte[0]-x[0])|_div_|cte[5])*_sig_(0.2*(x[0]-(cte[0]+cte[2])))),"{'generation': 0, 'evals': 1, 'test_error': 0.0}"
61,"[[0], [0], [0], [0], [0, 0], [0], [0], [], [0, 0, 0, 0], [0, 0], [0, 0, 0, 0, 0], [0, 0, 0, 0], [], [], [0, 2, 2, 0, 5, 5, 1, 2, 3, 5, 5, 5, 1, 2], [], [0, 0], [], [0, 0, 0, 0, 0], [], []]",4.47445526031218,"[1, 1, 1, 1, 2, 1, 1, 0, 4, 2, 5, 4, 0, 0, 14, 0, 2, 0, 5, 0, 0]",6,(cte[0]|_div_|(1+1+_exp_((cte[2]-x[0])|_div_|cte[2])))*((1-cte[0]*(x[0]-cte[5])|_div_|cte[5])*(1-_sig_(0.2*(x[0]-(cte[1]+cte[2]))))+(1-cte[3])*_exp_((cte[5]+cte[5]-x[0])|_div_|cte[5])*_sig_(0.2*(x[0]-(cte[1]+cte[2])))),"{'generation': 0, 'evals': 1, 'test_error': 0.0}"
62,"[[0], [0], [0], [0], [0, 0], [0], [0], [], [0, 0, 0, 0], [0, 0], [0, 0, 0, 0, 0], [0, 0, 0, 0], [], [], [0, 2, 2, 0, 5, 1, 2, 3, 3, 3, 5, 2, 1, 2], [], [0, 0], [], [0, 0, 0, 0, 0], [], []]",5.112728159073477,"[1, 1, 1, 1, 2, 1, 1, 0, 4, 2, 5, 4, 0, 0, 14, 0, 2, 0, 5, 0, 0]",6,(cte[0]|_div_|(1+1+_exp_((cte[2]-x[0])|_div_|cte[2])))*((1-cte[0]*(x[0]-cte[5])|_div_|cte[1])*(1-_sig_(0.2*(x[0]-(cte[2]+cte[3]))))+(1-cte[3])*_exp_((cte[3]+cte[5]-x[0])|_div_|cte[2])*_sig_(0.2*(x[0]-(cte[1]+cte[2])))),"{'generation': 0, 'evals': 1, 'test_error': 0.0}"
63,"[[0], [0], [0], [0], [0, 0], [0], [0], [], [0, 0, 0, 0], [0, 0], [0, 0, 0, 0, 0], [0, 0, 0, 0], [], [], [0, 5, 3, 0, 5, 4, 5, 2, 3, 4, 0, 5, 0, 2], [], [0, 0], [], [0, 0, 0, 0, 0], [], []]",5.1427344575581495,"[1, 1, 1, 1, 2, 1, 1, 0, 4, 2, 5, 4, 0, 0, 14, 0, 2, 0, 5, 0, 0]",6,(cte[0]|_div_|(1+1+_exp_((cte[5]-x[0])|_div_|cte[3])))*((1-cte[0]*(x[0]-cte[5])|_div_|cte[4])*(1-_sig_(0.2*(x[0]-(cte[5]+cte[2]))))+(1-cte[3])*_exp_((cte[4]+cte[0]-x[0])|_div_|cte[5])*_sig_(0.2*(x[0]-(cte[0]+cte[2])))),"{'generation': 0, 'evals': 1, 'test_error': 0.0}"
64,"[[0], [0], [0], [0], [0, 0], [0], [0], [], [0, 0, 0, 0], [0, 0], [0, 0, 0, 0, 0], [0, 0, 0, 0], [], [], [0, 2, 2, 3, 5, 4, 5, 2, 3, 2, 0, 5, 1, 2], [], [0, 0], [], [0, 0, 0, 0, 0], [], []]",5.256301100122928,"[1, 1, 1, 1, 2, 1, 1, 0, 4, 2, 5, 4, 0, 0, 14, 0, 2, 0, 5, 0, 0]",6,(cte[0]|_div_|(1+1+_exp_((cte[2]-x[0])|_div_|cte[2])))*((1-cte[3]*(x[0]-cte[5])|_div_|cte[4])*(1-_sig_(0.2*(x[0]-(cte[5]+cte[2]))))+(1-cte[3])*_exp_((cte[2]+cte[0]-x[0])|_div_|cte[5])*_sig_(0.2*(x[0]-(cte[1]+cte[2])))),"{'generation': 0, 'evals': 1, 'test_error': 0.0}"
65,"[[0], [0], [0], [0], [0, 0], [0], [0], [], [0, 0, 0, 0], [0, 0], [0, 0, 0, 0, 0], [0, 0, 0, 0], [], [], [0, 2, 2, 0, 5, 4, 5, 2, 3, 5, 5, 2, 0, 2], [], [0, 0], [], [0, 0, 0, 0, 0], [], []]",11.225856753854735,"[1, 1, 1, 1, 2, 1, 1, 0, 4, 2, 5, 4, 0, 0, 14, 0, 2, 0, 5, 0, 0]",6,(cte[0]|_div_|(1+1+_exp_((cte[2]-x[0])|_div_|cte[2])))*((1-cte[0]*(x[0]-cte[5])|_div_|cte[4])*(1-_sig_(0.2*(x[0]-(cte[5]+cte[2]))))+(1-cte[3])*_exp_((cte[5]+cte[5]-x[0])|_div_|cte[2])*_sig_(0.2*(x[0]-(cte[0]+cte[2])))),"{'generation': 0, 'evals': 1, 'test_error': 0.0}"
66,"[[0], [0], [0], [0], [0, 0], [0], [0], [], [0, 0, 0, 0], [0, 0], [0, 0, 0, 0, 0], [0, 0, 0, 0], [], [], [4, 2, 5, 0, 5, 4, 5, 5, 3, 2, 5, 5, 2, 1], [], [0, 0], [], [0, 0, 0, 0, 0], [], []]",117.06926943127995,"[1, 1, 1, 1, 2, 1, 1, 0, 4, 2, 5, 4, 0, 0, 14, 0, 2, 0, 5, 0, 0]",6,(cte[4]|_div_|(1+1+_exp_((cte[2]-x[0])|_div_|cte[5])))*((1-cte[0]*(x[0]-cte[5])|_div_|cte[4])*(1-_sig_(0.2*(x[0]-(cte[5]+cte[5]))))+(1-cte[3])*_exp_((cte[2]+cte[5]-x[0])|_div_|cte[5])*_sig_(0.2*(x[0]-(cte[2]+cte[1])))),"{'generation': 0, 'evals': 1, 'test_error': 0.0}"
67,"[[0], [0], [0], [0], [0, 0], [0], [0], [], [0, 0, 0, 0], [0, 0], [0, 0, 0, 0, 0], [0, 0, 0, 0], [], [], [0, 4, 1, 0, 5, 0, 2, 5, 3, 5, 5, 5, 1, 3], [], [0, 0], [], [0, 0, 0, 0, 0], [], []]",118.19277817900459,"[1, 1, 1, 1, 2, 1, 1, 0, 4, 2, 5, 4, 0, 0, 14, 0, 2, 0, 5, 0, 0]",6,(cte[0]|_div_|(1+1+_exp_((cte[4]-x[0])|_div_|cte[1])))*((1-cte[0]*(x[0]-cte[5])|_div_|cte[0])*(1-_sig_(0.2*(x[0]-(cte[2]+cte[5]))))+(1-cte[3])*_exp_((cte[5]+cte[5]-x[0])|_div_|cte[5])*_sig_(0.2*(x[0]-(cte[1]+cte[3])))),"{'generation': 0, 'evals': 1, 'test_error': 0.0}"
68,"[[0], [0], [0], [0], [0, 0], [0], [0], [], [0, 0, 0, 0], [0, 0], [0, 0, 0, 0, 0], [0, 0, 0, 0], [], [], [0, 2, 2, 0, 5, 0, 5, 5, 3, 3, 5, 5, 2, 2], [], [0, 0], [], [0, 0, 0, 0, 0], [], []]",127.05755033147656,"[1, 1, 1, 1, 2, 1, 1, 0, 4, 2, 5, 4, 0, 0, 14, 0, 2, 0, 5, 0, 0]",6,(cte[0]|_div_|(1+1+_exp_((cte[2]-x[0])|_div_|cte[2])))*((1-cte[0]*(x[0]-cte[5])|_div_|cte[0])*(1-_sig_(0.2*(x[0]-(cte[5]+cte[5]))))+(1-cte[3])*_exp_((cte[3]+cte[5]-x[0])|_div_|cte[5])*_sig_(0.2*(x[0]-(cte[2]+cte[2])))),"{'generation': 0, 'evals': 1, 'test_error': 0.0}"
69,"[[0], [0], [0], [0], [0, 0], [0], [0], [], [0, 0, 0, 0], [0, 0], [0, 0, 0, 0, 0], [0, 0, 0, 0], [], [], [0, 2, 1, 2, 5, 4, 2, 2, 3, 5, 5, 5, 0, 2], [], [0, 0], [], [0, 0, 0, 0, 0], [], []]",129.16673828774708,"[1, 1, 1, 1, 2, 1, 1, 0, 4, 2, 5, 4, 0, 0, 14, 0, 2, 0, 5, 0, 0]",6,(cte[0]|_div_|(1+1+_exp_((cte[2]-x[0])|_div_|cte[1])))*((1-cte[2]*(x[0]-cte[5])|_div_|cte[4])*(1-_sig_(0.2*(x[0]-(cte[2]+cte[2]))))+(1-cte[3])*_exp_((cte[5]+cte[5]-x[0])|_div_|cte[5])*_sig_(0.2*(x[0]-(cte[0]+cte[2])))),"{'generation': 0, 'evals': 1, 'test_error': 0.0}"
70,"[[0], [0], [0], [0], [0, 0], [0], [0], [], [0, 0, 0, 0], [0, 0], [0, 0, 0, 0, 0], [0, 0, 0, 0], [], [], [3, 2, 1, 0, 5, 3, 5, 2, 3, 4, 5, 2, 0, 0], [], [0, 0], [], [0, 0, 0, 0, 0], [], []]",130.281268411694,"[1, 1, 1, 1, 2, 1, 1, 0, 4, 2, 5, 4, 0, 0, 14, 0, 2, 0, 5, 0, 0]",6,(cte[3]|_div_|(1+1+_exp_((cte[2]-x[0])|_div_|cte[1])))*((1-cte[0]*(x[0]-cte[5])|_div_|cte[3])*(1-_sig_(0.2*(x[0]-(cte[5]+cte[2]))))+(1-cte[3])*_exp_((cte[4]+cte[5]-x[0])|_div_|cte[2])*_sig_(0.2*(x[0]-(cte[0]+cte[0])))),"{'generation': 0, 'evals': 1, 'test_error': 0.0}"
71,"[[0], [0], [0], [0], [0, 0], [0], [0], [], [0, 0, 0, 0], [0, 0], [0, 0, 0, 0, 0], [0, 0, 0, 0], [], [], [3, 2, 2, 2, 5, 5, 2, 2, 3, 5, 5, 5, 0, 2], [], [0, 0], [], [0, 0, 0, 0, 0], [], []]",131.13362202903133,"[1, 1, 1, 1, 2, 1, 1, 0, 4, 2, 5, 4, 0, 0, 14, 0, 2, 0, 5, 0, 0]",6,(cte[3]|_div_|(1+1+_exp_((cte[2]-x[0])|_div_|cte[2])))*((1-cte[2]*(x[0]-cte[5])|_div_|cte[5])*(1-_sig_(0.2*(x[0]-(cte[2]+cte[2]))))+(1-cte[3])*_exp_((cte[5]+cte[5]-x[0])|_div_|cte[5])*_sig_(0.2*(x[0]-(cte[0]+cte[2])))),"{'generation': 0, 'evals': 1, 'test_error': 0.0}"
72,"[[0], [0], [0], [0], [0, 0], [0], [0], [], [0, 0, 0, 0], [0, 0], [0, 0, 0, 0, 0], [0, 0, 0, 0], [], [], [0, 2, 2, 0, 5, 2, 5, 2, 4, 5, 5, 5, 0, 1], [], [0, 0], [], [0, 0, 0, 0, 0], [], []]",136.16760936191835,"[1, 1, 1, 1, 2, 1, 1, 0, 4, 2, 5, 4, 0, 0, 14, 0, 2, 0, 5, 0, 0]",6,(cte[0]|_div_|(1+1+_exp_((cte[2]-x[0])|_div_|cte[2])))*((1-cte[0]*(x[0]-cte[5])|_div_|cte[2])*(1-_sig_(0.2*(x[0]-(cte[5]+cte[2]))))+(1-cte[4])*_exp_((cte[5]+cte[5]-x[0])|_div_|cte[5])*_sig_(0.2*(x[0]-(cte[0]+cte[1])))),"{'generation': 0, 'evals': 1, 'test_error': 0.0}"
73,"[[0], [0], [0], [0], [0, 0], [0], [0], [], [0, 0, 0, 0], [0, 0], [0, 0, 0, 0, 0], [0, 0, 0, 0], [], [], [0, 1, 2, 1, 5, 4, 5, 2, 3, 5, 5, 5, 2, 2], [], [0, 0], [], [0, 0, 0, 0, 0], [], []]",145.2160356659613,"[1, 1, 1, 1, 2, 1, 1, 0, 4, 2, 5, 4, 0, 0, 14, 0, 2, 0, 5, 0, 0]",6,(cte[0]|_div_|(1+1+_exp_((cte[1]-x[0])|_div_|cte[2])))*((1-cte[1]*(x[0]-cte[5])|_div_|cte[4])*(1-_sig_(0.2*(x[0]-(cte[5]+cte[2]))))+(1-cte[3])*_exp_((cte[5]+cte[5]-x[0])|_div_|cte[5])*_sig_(0.2*(x[0]-(cte[2]+cte[2])))),"{'generation': 0, 'evals': 1, 'test_error': 0.0}"
74,"[[0], [0], [0], [0], [0, 0], [0], [0], [], [0, 0, 0, 0], [0, 0], [0, 0, 0, 0, 0], [0, 0, 0, 0], [], [], [0, 5, 2, 5, 5, 4, 5, 2, 3, 2, 5, 5, 0, 2], [], [0, 0], [], [0, 0, 0, 0, 0], [], []]",148.41490502310612,"[1, 1, 1, 1, 2, 1, 1, 0, 4, 2, 5, 4, 0, 0, 14, 0, 2, 0, 5, 0, 0]",6,(cte[0]|_div_|(1+1+_exp_((cte[5]-x[0])|_div_|cte[2])))*((1-cte[5]*(x[0]-cte[5])|_div_|cte[4])*(1-_sig_(0.2*(x[0]-(cte[5]+cte[2]))))+(1-cte[3])*_exp_((cte[2]+cte[5]-x[0])|_div_|cte[5])*_sig_(0.2*(x[0]-(cte[0]+cte[2])))),"{'generation': 0, 'evals': 1, 'test_error': 0.0}"
75,"[[0], [0], [0], [0], [0, 0], [0], [0], [], [0, 0, 0, 0], [0, 0], [0, 0, 0, 0, 0], [0, 0, 0, 0], [], [], [0, 2, 2, 4, 0, 4, 1, 2, 3, 5, 5, 5, 0, 2], [], [0, 0], [], [0, 0, 0, 0, 0], [], []]",155.63138996061417,"[1, 1, 1, 1, 2, 1, 1, 0, 4, 2, 5, 4, 0, 0, 14, 0, 2, 0, 5, 0, 0]",6,(cte[0]|_div_|(1+1+_exp_((cte[2]-x[0])|_div_|cte[2])))*((1-cte[4]*(x[0]-cte[0])|_div_|cte[4])*(1-_sig_(0.2*(x[0]-(cte[1]+cte[2]))))+(1-cte[3])*_exp_((cte[5]+cte[5]-x[0])|_div_|cte[5])*_sig_(0.2*(x[0]-(cte[0]+cte[2])))),"{'generation': 0, 'evals': 1, 'test_error': 0.0}"
76,"[[0], [0], [0], [0], [0, 0], [0], [0], [], [0, 0, 0, 0], [0, 0], [0, 0, 0, 0, 0], [0, 0, 0, 0], [], [], [0, 2, 2, 2, 5, 4, 5, 1, 3, 5, 5, 5, 0, 2], [], [0, 0], [], [0, 0, 0, 0, 0], [], []]",162.55581510389766,"[1, 1, 1, 1, 2, 1, 1, 0, 4, 2, 5, 4, 0, 0, 14, 0, 2, 0, 5, 0, 0]",6,(cte[0]|_div_|(1+1+_exp_((cte[2]-x[0])|_div_|cte[2])))*((1-cte[2]*(x[0]-cte[5])|_div_|cte[4])*(1-_sig_(0.2*(x[0]-(cte[5]+cte[1]))))+(1-cte[3])*_exp_((cte[5]+cte[5]-x[0])|_div_|cte[5])*_sig_(0.2*(x[0]-(cte[0]+cte[2])))),"{'generation': 0, 'evals': 1, 'test_error': 0.0}"
77,"[[0], [0], [0], [0], [0, 0], [0], [0], [], [0, 0, 0, 0], [0, 0], [0, 0, 0, 0, 0], [0, 0, 0, 0], [], [], [4, 2, 2, 0, 0, 4, 1, 2, 3, 5, 5, 5, 5, 2], [], [0, 0], [], [0, 0, 0, 0, 0], [], []]",165.98340762902404,"[1, 1, 1, 1, 2, 1, 1, 0, 4, 2, 5, 4, 0, 0, 14, 0, 2, 0, 5, 0, 0]",6,(cte[4]|_div_|(1+1+_exp_((cte[2]-x[0])|_div_|cte[2])))*((1-cte[0]*(x[0]-cte[0])|_div_|cte[4])*(1-_sig_(0.2*(x[0]-(cte[1]+cte[2]))))+(1-cte[3])*_exp_((cte[5]+cte[5]-x[0])|_div_|cte[5])*_sig_(0.2*(x[0]-(cte[5]+cte[2])))),"{'generation': 0, 'evals': 1, 'test_error': 0.0}"
78,"[[0], [0], [0], [0], [0, 0], [0], [0], [], [0, 0, 0, 0], [0, 0], [0, 0, 0, 0, 0], [0, 0, 0, 0], [], [], [4, 2, 2, 0, 3, 4, 1, 2, 3, 5, 5, 5, 0, 2], [], [0, 0], [], [0, 0, 0, 0, 0], [], []]",237.34259235645112,"[1, 1, 1, 1, 2, 1, 1, 0, 4, 2, 5, 4, 0, 0, 14, 0, 2, 0, 5, 0, 0]",6,(cte[4]|_div_|(1+1+_exp_((cte[2]-x[0])|_div_|cte[2])))*((1-cte[0]*(x[0]-cte[3])|_div_|cte[4])*(1-_sig_(0.2*(x[0]-(cte[1]+cte[2]))))+(1-cte[3])*_exp_((cte[5]+cte[5]-x[0])|_div_|cte[5])*_sig_(0.2*(x[0]-(cte[0]+cte[2])))),"{'generation': 0, 'evals': 1, 'test_error': 0.0}"
79,"[[0], [0], [0], [0], [0, 0], [0], [0], [], [0, 0, 0, 0], [0, 0], [0, 0, 0, 0, 0], [0, 0, 0, 0], [], [], [0, 5, 2, 5, 5, 4, 5, 2, 1, 5, 4, 5, 4, 2], [], [0, 0], [], [0, 0, 0, 0, 0], [], []]",258.1286417962936,"[1, 1, 1, 1, 2, 1, 1, 0, 4, 2, 5, 4, 0, 0, 14, 0, 2, 0, 5, 0, 0]",6,(cte[0]|_div_|(1+1+_exp_((cte[5]-x[0])|_div_|cte[2])))*((1-cte[5]*(x[0]-cte[5])|_div_|cte[4])*(1-_sig_(0.2*(x[0]-(cte[5]+cte[2]))))+(1-cte[1])*_exp_((cte[5]+cte[4]-x[0])|_div_|cte[5])*_sig_(0.2*(x[0]-(cte[4]+cte[2])))),"{'generation': 0, 'evals': 1, 'test_error': 0.0}"
80,"[[0], [0], [0], [0], [0, 0], [0], [0], [], [0, 0, 0, 0], [0, 0], [0, 0, 0, 0, 0], [0, 0, 0, 0], [], [], [0, 0, 3, 2, 5, 4, 5, 2, 5, 5, 5, 5, 5, 2], [], [0, 0], [], [0, 0, 0, 0, 0], [], []]",292.7745408400301,"[1, 1, 1, 1, 2, 1, 1, 0, 4, 2, 5, 4, 0, 0, 14, 0, 2, 0, 5, 0, 0]",6,(cte[0]|_div_|(1+1+_exp_((cte[0]-x[0])|_div_|cte[3])))*((1-cte[2]*(x[0]-cte[5])|_div_|cte[4])*(1-_sig_(0.2*(x[0]-(cte[5]+cte[2]))))+(1-cte[5])*_exp_((cte[5]+cte[5]-x[0])|_div_|cte[5])*_sig_(0.2*(x[0]-(cte[5]+cte[2])))),"{'generation': 0, 'evals': 1, 'test_error': 0.0}"
81,"[[0], [0], [0], [0], [0, 0], [0], [0], [], [0, 0, 0, 0], [0, 0], [0, 0, 0, 0, 0], [0, 0, 0, 0], [], [], [1, 2, 2, 0, 5, 4, 2, 2, 3, 5, 4, 5, 0, 1], [], [0, 0], [], [0, 0, 0, 0, 0], [], []]",428.0865186192601,"[1, 1, 1, 1, 2, 1, 1, 0, 4, 2, 5, 4, 0, 0, 14, 0, 2, 0, 5, 0, 0]",6,(cte[1]|_div_|(1+1+_exp_((cte[2]-x[0])|_div_|cte[2])))*((1-cte[0]*(x[0]-cte[5])|_div_|cte[4])*(1-_sig_(0.2*(x[0]-(cte[2]+cte[2]))))+(1-cte[3])*_exp_((cte[5]+cte[4]-x[0])|_div_|cte[5])*_sig_(0.2*(x[0]-(cte[0]+cte[1])))),"{'generation': 0, 'evals': 1, 'test_error': 0.0}"
82,"[[0], [0], [0], [0], [0, 0], [0], [0], [], [0, 0, 0, 0], [0, 0], [0, 0, 0, 0, 0], [0, 0, 0, 0], [], [], [2, 2, 1, 0, 5, 4, 0, 0, 0, 5, 4, 5, 0, 1], [], [0, 0], [], [0, 0, 0, 0, 0], [], []]",441.0676471080465,"[1, 1, 1, 1, 2, 1, 1, 0, 4, 2, 5, 4, 0, 0, 14, 0, 2, 0, 5, 0, 0]",6,(cte[2]|_div_|(1+1+_exp_((cte[2]-x[0])|_div_|cte[1])))*((1-cte[0]*(x[0]-cte[5])|_div_|cte[4])*(1-_sig_(0.2*(x[0]-(cte[0]+cte[0]))))+(1-cte[0])*_exp_((cte[5]+cte[4]-x[0])|_div_|cte[5])*_sig_(0.2*(x[0]-(cte[0]+cte[1])))),"{'generation': 0, 'evals': 1, 'test_error': 0.0}"
83,"[[0], [0], [0], [0], [0, 0], [0], [0], [], [0, 0, 0, 0], [0, 0], [0, 0, 0, 0, 0], [0, 0, 0, 0], [], [], [0, 2, 2, 4, 5, 4, 1, 5, 1, 5, 5, 5, 0, 2], [], [0, 0], [], [0, 0, 0, 0, 0], [], []]",510.2502805428073,"[1, 1, 1, 1, 2, 1, 1, 0, 4, 2, 5, 4, 0, 0, 14, 0, 2, 0, 5, 0, 0]",6,(cte[0]|_div_|(1+1+_exp_((cte[2]-x[0])|_div_|cte[2])))*((1-cte[4]*(x[0]-cte[5])|_div_|cte[4])*(1-_sig_(0.2*(x[0]-(cte[1]+cte[5]))))+(1-cte[1])*_exp_((cte[5]+cte[5]-x[0])|_div_|cte[5])*_sig_(0.2*(x[0]-(cte[0]+cte[2])))),"{'generation': 0, 'evals': 1, 'test_error': 0.0}"
84,"[[0], [0], [0], [0], [0, 0], [0], [0], [], [0, 0, 0, 0], [0, 0], [0, 0, 0, 0, 0], [0, 0, 0, 0], [], [], [4, 2, 2, 0, 5, 3, 5, 2, 3, 5, 2, 1, 0, 3], [], [0, 0], [], [0, 0, 0, 0, 0], [], []]",2094.5051756289945,"[1, 1, 1, 1, 2, 1, 1, 0, 4, 2, 5, 4, 0, 0, 14, 0, 2, 0, 5, 0, 0]",6,(cte[4]|_div_|(1+1+_exp_((cte[2]-x[0])|_div_|cte[2])))*((1-cte[0]*(x[0]-cte[5])|_div_|cte[3])*(1-_sig_(0.2*(x[0]-(cte[5]+cte[2]))))+(1-cte[3])*_exp_((cte[5]+cte[2]-x[0])|_div_|cte[1])*_sig_(0.2*(x[0]-(cte[0]+cte[3])))),"{'generation': 0, 'evals': 1, 'test_error': 0.0}"
85,"[[0], [0], [0], [0], [0, 0], [0], [0], [], [0, 0, 0, 0], [0, 0], [0, 0, 0, 0, 0], [0, 0, 0, 0], [], [], [0, 2, 2, 4, 3, 3, 5, 2, 1, 5, 5, 5, 1, 4], [], [0, 0], [], [0, 0, 0, 0, 0], [], []]",3977.691295111472,"[1, 1, 1, 1, 2, 1, 1, 0, 4, 2, 5, 4, 0, 0, 14, 0, 2, 0, 5, 0, 0]",6,(cte[0]|_div_|(1+1+_exp_((cte[2]-x[0])|_div_|cte[2])))*((1-cte[4]*(x[0]-cte[3])|_div_|cte[3])*(1-_sig_(0.2*(x[0]-(cte[5]+cte[2]))))+(1-cte[1])*_exp_((cte[5]+cte[5]-x[0])|_div_|cte[5])*_sig_(0.2*(x[0]-(cte[1]+cte[4])))),"{'generation': 0, 'evals': 1, 'test_error': 0.0}"
86,"[[0], [0], [0], [0], [0, 0], [0], [0], [], [0, 0, 0, 0], [0, 0], [0, 0, 0, 0, 0], [0, 0, 0, 0], [], [], [1, 5, 2, 0, 1, 0, 4, 5, 3, 5, 5, 1, 0, 2], [], [0, 0], [], [0, 0, 0, 0, 0], [], []]",8146.604572169069,"[1, 1, 1, 1, 2, 1, 1, 0, 4, 2, 5, 4, 0, 0, 14, 0, 2, 0, 5, 0, 0]",6,(cte[1]|_div_|(1+1+_exp_((cte[5]-x[0])|_div_|cte[2])))*((1-cte[0]*(x[0]-cte[1])|_div_|cte[0])*(1-_sig_(0.2*(x[0]-(cte[4]+cte[5]))))+(1-cte[3])*_exp_((cte[5]+cte[5]-x[0])|_div_|cte[1])*_sig_(0.2*(x[0]-(cte[0]+cte[2])))),"{'generation': 0, 'evals': 1, 'test_error': 0.0}"
87,"[[0], [0], [0], [0], [0, 0], [0], [0], [], [0, 0, 0, 0], [0, 0], [0, 0, 0, 0, 0], [0, 0, 0, 0], [], [], [5, 2, 2, 2, 0, 5, 5, 2, 3, 1, 5, 5, 0, 2], [], [0, 0], [], [0, 0, 0, 0, 0], [], []]",19283.244001483792,"[1, 1, 1, 1, 2, 1, 1, 0, 4, 2, 5, 4, 0, 0, 14, 0, 2, 0, 5, 0, 0]",6,(cte[5]|_div_|(1+1+_exp_((cte[2]-x[0])|_div_|cte[2])))*((1-cte[2]*(x[0]-cte[0])|_div_|cte[5])*(1-_sig_(0.2*(x[0]-(cte[5]+cte[2]))))+(1-cte[3])*_exp_((cte[1]+cte[5]-x[0])|_div_|cte[5])*_sig_(0.2*(x[0]-(cte[0]+cte[2])))),"{'generation': 0, 'evals': 1, 'test_error': 0.0}"
88,"[[0], [0], [0], [0], [0, 0], [0], [0], [], [0, 0, 0, 0], [0, 0], [0, 0, 0, 0, 0], [0, 0, 0, 0], [], [], [1, 2, 5, 1, 5, 1, 5, 2, 3, 0, 5, 5, 0, 4], [], [0, 0], [], [0, 0, 0, 0, 0], [], []]",19435.755888104628,"[1, 1, 1, 1, 2, 1, 1, 0, 4, 2, 5, 4, 0, 0, 14, 0, 2, 0, 5, 0, 0]",6,(cte[1]|_div_|(1+1+_exp_((cte[2]-x[0])|_div_|cte[5])))*((1-cte[1]*(x[0]-cte[5])|_div_|cte[1])*(1-_sig_(0.2*(x[0]-(cte[5]+cte[2]))))+(1-cte[3])*_exp_((cte[0]+cte[5]-x[0])|_div_|cte[5])*_sig_(0.2*(x[0]-(cte[0]+cte[4])))),"{'generation': 0, 'evals': 1, 'test_error': 0.0}"
89,"[[0], [0], [0], [0], [0, 0], [0], [0], [], [0, 0, 0, 0], [0, 0], [0, 0, 0, 0, 0], [0, 0, 0, 0], [], [], [5, 2, 0, 4, 3, 4, 5, 3, 3, 5, 5, 5, 4, 3], [], [0, 0], [], [0, 0, 0, 0, 0], [], []]",23844.825976574106,"[1, 1, 1, 1, 2, 1, 1, 0, 4, 2, 5, 4, 0, 0, 14, 0, 2, 0, 5, 0, 0]",6,(cte[5]|_div_|(1+1+_exp_((cte[2]-x[0])|_div_|cte[0])))*((1-cte[4]*(x[0]-cte[3])|_div_|cte[4])*(1-_sig_(0.2*(x[0]-(cte[5]+cte[3]))))+(1-cte[3])*_exp_((cte[5]+cte[5]-x[0])|_div_|cte[5])*_sig_(0.2*(x[0]-(cte[4]+cte[3])))),"{'generation': 0, 'evals': 1, 'test_error': 0.0}"
90,"[[0], [0], [0], [0], [0, 0], [0], [0], [], [0, 0, 0, 0], [0, 0], [0, 0, 0, 0, 0], [0, 0, 0, 0], [], [], [1, 3, 2, 1, 2, 2, 5, 2, 0, 5, 5, 5, 5, 5], [], [0, 0], [], [0, 0, 0, 0, 0], [], []]",42585.90436222643,"[1, 1, 1, 1, 2, 1, 1, 0, 4, 2, 5, 4, 0, 0, 14, 0, 2, 0, 5, 0, 0]",6,(cte[1]|_div_|(1+1+_exp_((cte[3]-x[0])|_div_|cte[2])))*((1-cte[1]*(x[0]-cte[2])|_div_|cte[2])*(1-_sig_(0.2*(x[0]-(cte[5]+cte[2]))))+(1-cte[0])*_exp_((cte[5]+cte[5]-x[0])|_div_|cte[5])*_sig_(0.2*(x[0]-(cte[5]+cte[5])))),"{'generation': 0, 'evals': 1, 'test_error': 0.0}"
91,"[[0], [0], [0], [0], [0, 0], [0], [0], [], [0, 0, 0, 0], [0, 0], [0, 0, 0, 0, 0], [0, 0, 0, 0], [], [], [2, 3, 2, 3, 0, 4, 0, 3, 1, 5, 5, 5, 0, 2], [], [0, 0], [], [0, 0, 0, 0, 0], [], []]",54768.146342831984,"[1, 1, 1, 1, 2, 1, 1, 0, 4, 2, 5, 4, 0, 0, 14, 0, 2, 0, 5, 0, 0]",6,(cte[2]|_div_|(1+1+_exp_((cte[3]-x[0])|_div_|cte[2])))*((1-cte[3]*(x[0]-cte[0])|_div_|cte[4])*(1-_sig_(0.2*(x[0]-(cte[0]+cte[3]))))+(1-cte[1])*_exp_((cte[5]+cte[5]-x[0])|_div_|cte[5])*_sig_(0.2*(x[0]-(cte[0]+cte[2])))),"{'generation': 0, 'evals': 1, 'test_error': 0.0}"
92,"[[0], [0], [0], [0], [0, 0], [0], [0], [], [0, 0, 0, 0], [0, 0], [0, 0, 0, 0, 0], [0, 0, 0, 0], [], [], [5, 2, 1, 5, 5, 4, 2, 2, 5, 5, 5, 2, 0, 5], [], [0, 0], [], [0, 0, 0, 0, 0], [], []]",160930.90222333866,"[1, 1, 1, 1, 2, 1, 1, 0, 4, 2, 5, 4, 0, 0, 14, 0, 2, 0, 5, 0, 0]",6,(cte[5]|_div_|(1+1+_exp_((cte[2]-x[0])|_div_|cte[1])))*((1-cte[5]*(x[0]-cte[5])|_div_|cte[4])*(1-_sig_(0.2*(x[0]-(cte[2]+cte[2]))))+(1-cte[5])*_exp_((cte[5]+cte[5]-x[0])|_div_|cte[2])*_sig_(0.2*(x[0]-(cte[0]+cte[5])))),"{'generation': 0, 'evals': 1, 'test_error': 0.0}"
93,"[[0], [0], [0], [0], [0, 0], [0], [0], [], [0, 0, 0, 0], [0, 0], [0, 0, 0, 0, 0], [0, 0, 0, 0], [], [], [4, 1, 2, 4, 5, 0, 1, 2, 2, 2, 3, 5, 5, 4], [], [0, 0], [], [0, 0, 0, 0, 0], [], []]",287642.6156283177,"[1, 1, 1, 1, 2, 1, 1, 0, 4, 2, 5, 4, 0, 0, 14, 0, 2, 0, 5, 0, 0]",6,(cte[4]|_div_|(1+1+_exp_((cte[1]-x[0])|_div_|cte[2])))*((1-cte[4]*(x[0]-cte[5])|_div_|cte[0])*(1-_sig_(0.2*(x[0]-(cte[1]+cte[2]))))+(1-cte[2])*_exp_((cte[2]+cte[3]-x[0])|_div_|cte[5])*_sig_(0.2*(x[0]-(cte[5]+cte[4])))),"{'generation': 0, 'evals': 1, 'test_error': 0.0}"
94,"[[0], [0], [0], [0], [0, 0], [0], [0], [], [0, 0, 0, 0], [0, 0], [0, 0, 0, 0, 0], [0, 0, 0, 0], [], [], [4, 2, 2, 0, 5, 4, 5, 2, 3, 5, 5, 3, 0, 3], [], [0, 0], [], [0, 0, 0, 0, 0], [], []]",1.4972583106796078e+64,"[1, 1, 1, 1, 2, 1, 1, 0, 4, 2, 5, 4, 0, 0, 14, 0, 2, 0, 5, 0, 0]",6,(cte[4]|_div_|(1+1+_exp_((cte[2]-x[0])|_div_|cte[2])))*((1-cte[0]*(x[0]-cte[5])|_div_|cte[4])*(1-_sig_(0.2*(x[0]-(cte[5]+cte[2]))))+(1-cte[3])*_exp_((cte[5]+cte[5]-x[0])|_div_|cte[3])*_sig_(0.2*(x[0]-(cte[0]+cte[3])))),"{'generation': 0, 'evals': 1, 'test_error': 0.0}"
95,"[[0], [0], [0], [0], [0, 0], [0], [0], [], [0, 0, 0, 0], [0, 0], [0, 0, 0, 0, 0], [0, 0, 0, 0], [], [], [0, 2, 2, 0, 5, 2, 5, 2, 3, 5, 3, 0, 3, 3], [], [0, 0], [], [0, 0, 0, 0, 0], [], []]",3.212683728517186e+143,"[1, 1, 1, 1, 2, 1, 1, 0, 4, 2, 5, 4, 0, 0, 14, 0, 2, 0, 5, 0, 0]",6,(cte[0]|_div_|(1+1+_exp_((cte[2]-x[0])|_div_|cte[2])))*((1-cte[0]*(x[0]-cte[5])|_div_|cte[2])*(1-_sig_(0.2*(x[0]-(cte[5]+cte[2]))))+(1-cte[3])*_exp_((cte[5]+cte[3]-x[0])|_div_|cte[0])*_sig_(0.2*(x[0]-(cte[3]+cte[3])))),"{'generation': 0, 'evals': 1, 'test_error': 0.0}"
96,"[[0], [0], [0], [0], [0, 0], [0], [0], [], [0, 0, 0, 0], [0, 0], [0, 0, 0, 0, 0], [0, 0, 0, 0], [], [], [0, 2, 0, 1, 5, 4, 5, 2, 3, 5, 5, 0, 4, 2], [], [0, 0], [], [0, 0, 0, 0, 0], [], []]",1.7788090832042853e+146,"[1, 1, 1, 1, 2, 1, 1, 0, 4, 2, 5, 4, 0, 0, 14, 0, 2, 0, 5, 0, 0]",6,(cte[0]|_div_|(1+1+_exp_((cte[2]-x[0])|_div_|cte[0])))*((1-cte[1]*(x[0]-cte[5])|_div_|cte[4])*(1-_sig_(0.2*(x[0]-(cte[5]+cte[2]))))+(1-cte[3])*_exp_((cte[5]+cte[5]-x[0])|_div_|cte[0])*_sig_(0.2*(x[0]-(cte[4]+cte[2])))),"{'generation': 0, 'evals': 1, 'test_error': 0.0}"
97,"[[0], [0], [0], [0], [0, 0], [0], [0], [], [0, 0, 0, 0], [0, 0], [0, 0, 0, 0, 0], [0, 0, 0, 0], [], [], [0, 2, 2, 0, 1, 4, 5, 0, 3, 5, 4, 0, 0, 5], [], [0, 0], [], [0, 0, 0, 0, 0], [], []]",inf,"[1, 1, 1, 1, 2, 1, 1, 0, 4, 2, 5, 4, 0, 0, 14, 0, 2, 0, 5, 0, 0]",6,(cte[0]|_div_|(1+1+_exp_((cte[2]-x[0])|_div_|cte[2])))*((1-cte[0]*(x[0]-cte[1])|_div_|cte[4])*(1-_sig_(0.2*(x[0]-(cte[5]+cte[0]))))+(1-cte[3])*_exp_((cte[5]+cte[4]-x[0])|_div_|cte[0])*_sig_(0.2*(x[0]-(cte[0]+cte[5])))),"{'generation': 0, 'evals': 1, 'test_error': 0.0}"
98,"[[0], [0], [0], [0], [0, 0], [0], [0], [], [0, 0, 0, 0], [0, 0], [0, 0, 0, 0, 0], [0, 0, 0, 0], [], [], [4, 2, 2, 0, 5, 4, 5, 2, 0, 5, 5, 0, 0, 1], [], [0, 0], [], [0, 0, 0, 0, 0], [], []]",inf,"[1, 1, 1, 1, 2, 1, 1, 0, 4, 2, 5, 4, 0, 0, 14, 0, 2, 0, 5, 0, 0]",6,(cte[4]|_div_|(1+1+_exp_((cte[2]-x[0])|_div_|cte[2])))*((1-cte[0]*(x[0]-cte[5])|_div_|cte[4])*(1-_sig_(0.2*(x[0]-(cte[5]+cte[2]))))+(1-cte[0])*_exp_((cte[5]+cte[5]-x[0])|_div_|cte[0])*_sig_(0.2*(x[0]-(cte[0]+cte[1])))),"{'generation': 0, 'evals': 1, 'test_error': 0.0}"
99,"[[0], [0], [0], [0], [0, 0], [0], [0], [], [0, 0, 0, 0], [0, 0], [0, 0, 0, 0, 0], [0, 0, 0, 0], [], [], [5, 3, 2, 0, 5, 3, 5, 2, 3, 5, 5, 0, 0, 2], [], [0, 0], [], [0, 0, 0, 0, 0], [], []]",inf,"[1, 1, 1, 1, 2, 1, 1, 0, 4, 2, 5, 4, 0, 0, 14, 0, 2, 0, 5, 0, 0]",6,(cte[5]|_div_|(1+1+_exp_((cte[3]-x[0])|_div_|cte[2])))*((1-cte[0]*(x[0]-cte[5])|_div_|cte[3])*(1-_sig_(0.2*(x[0]-(cte[5]+cte[2]))))+(1-cte[3])*_exp_((cte[5]+cte[5]-x[0])|_div_|cte[0])*_sig_(0.2*(x[0]-(cte[0]+cte[2])))),"{'generation': 0, 'evals': 1, 'test_error': 0.0}"
