,genotype,fitness,mapping_values,tree_depth,phenotype,other_info
0,"[[0], [0], [0], [0], [0, 0, 0], [0, 0], [0], [0, 0, 0, 0, 0, 0], [0, 0], [0, 3, 0, 2], [0, 0], [1, 4, 2, 3, 0, 2, 0, 3, 3, 4, 3, 0, 1, 2], [0, 0, 0, 0, 0, 0, 0, 0, 0, 0, 0], [0, 0, 0, 0], [0, 0, 0, 0, 0, 0], [0, 0, 0, 0, 0, 0], [0, 2, 2, 2, 7, 6, 9, 9, 0, 0, 0, 0]]",0.030724214657695238,"[1, 1, 1, 1, 3, 2, 1, 6, 2, 4, 2, 12, 8, 4, 6, 6, 12]",7,(33.941*(1-40.076*(x[0]-30.2)|_div_|18.975)|_div_|(1+_exp_((32.2-0.666)|_div_|0.18)))*(1-_sig_(0.2*(x[0]-(18.975+37.6))))+0.18*(1-0.666)*_exp_((0.666+39.9-x[0])|_div_|40.076)|_div_|(1+_exp_((30.0-x[0])|_div_|0.666))*_sig_(0.2*(x[0]-(0.18+30.0))),"{'generation': 0, 'evals': 1, 'test_error': 0.0}"
1,"[[0], [0], [0], [0], [0, 0, 0], [0, 0], [0], [0, 0, 0, 0, 0, 0], [0, 0], [1, 3, 0, 1], [0, 0], [4, 3, 3, 0, 3, 0, 0, 3, 3, 4, 3, 0, 3, 2], [0, 0, 0, 0, 0, 0, 0, 0, 0, 0, 0], [0, 0, 0, 0], [0, 0, 0, 0, 0, 0], [0, 0, 0, 0, 0, 0], [5, 1, 2, 1, 7, 4, 9, 9, 0, 0, 0, 0]]",0.030724214657695238,"[1, 1, 1, 1, 3, 2, 1, 6, 2, 4, 2, 12, 8, 4, 6, 6, 12]",7,(40.076*(1-0.666*(x[0]-35.1)|_div_|0.666)|_div_|(1+_exp_((32.1-0.18)|_div_|0.666)))*(1-_sig_(0.2*(x[0]-(0.18+37.4))))+0.18*(1-0.666)*_exp_((0.666+39.9-x[0])|_div_|40.076)|_div_|(1+_exp_((30.0-x[0])|_div_|0.666))*_sig_(0.2*(x[0]-(0.18+30.0))),"{'generation': 0, 'evals': 1, 'test_error': 0.0}"
2,"[[0], [0], [0], [0], [0, 0, 0], [0, 0], [0], [0, 0, 0, 0, 0, 0], [0, 0], [0, 3, 2, 1], [0, 0], [1, 4, 3, 0, 3, 2, 0, 3, 3, 4, 3, 0, 1, 2], [0, 0, 0, 0, 0, 0, 0, 0, 0, 0, 0], [0, 0, 0, 0], [0, 0, 0, 0, 0, 0], [0, 0, 0, 0, 0, 0], [0, 0, 5, 4, 1, 4, 9, 9, 0, 0, 0, 0]]",0.030724214657695238,"[1, 1, 1, 1, 3, 2, 1, 6, 2, 4, 2, 12, 8, 4, 6, 6, 12]",7,(33.941*(1-40.076*(x[0]-30.0)|_div_|0.666)|_div_|(1+_exp_((35.4-0.18)|_div_|0.666)))*(1-_sig_(0.2*(x[0]-(18.975+31.4))))+0.18*(1-0.666)*_exp_((0.666+39.9-x[0])|_div_|40.076)|_div_|(1+_exp_((30.0-x[0])|_div_|0.666))*_sig_(0.2*(x[0]-(0.18+30.0))),"{'generation': 0, 'evals': 1, 'test_error': 0.0}"
3,"[[0], [0], [0], [0], [0, 0, 0], [0, 0], [0], [0, 0, 0, 0, 0, 0], [0, 0], [1, 3, 2, 2], [0, 0], [1, 4, 5, 3, 0, 4, 0, 3, 3, 4, 3, 0, 1, 2], [0, 0, 0, 0, 0, 0, 0, 0, 0, 0, 0], [0, 0, 0, 0], [0, 0, 0, 0, 0, 0], [0, 0, 0, 0, 0, 0], [5, 4, 8, 2, 7, 5, 9, 9, 0, 0, 0, 0]]",0.030724214657695238,"[1, 1, 1, 1, 3, 2, 1, 6, 2, 4, 2, 12, 8, 4, 6, 6, 12]",7,(33.941*(1-40.076*(x[0]-35.4)|_div_|13.416)|_div_|(1+_exp_((38.2-0.666)|_div_|0.18)))*(1-_sig_(0.2*(x[0]-(40.076+37.5))))+0.18*(1-0.666)*_exp_((0.666+39.9-x[0])|_div_|40.076)|_div_|(1+_exp_((30.0-x[0])|_div_|0.666))*_sig_(0.2*(x[0]-(0.18+30.0))),"{'generation': 0, 'evals': 1, 'test_error': 0.0}"
4,"[[0], [0], [0], [0], [0, 0, 0], [0, 0], [0], [0, 0, 0, 0, 0, 0], [0, 0], [1, 3, 0, 2], [0, 0], [1, 4, 5, 3, 0, 2, 0, 3, 3, 4, 3, 0, 1, 2], [0, 0, 0, 0, 0, 0, 0, 0, 0, 0, 0], [0, 0, 0, 0], [0, 0, 0, 0, 0, 0], [0, 0, 0, 0, 0, 0], [2, 2, 5, 7, 7, 6, 9, 9, 0, 0, 0, 0]]",0.030724214657695238,"[1, 1, 1, 1, 3, 2, 1, 6, 2, 4, 2, 12, 8, 4, 6, 6, 12]",7,(33.941*(1-40.076*(x[0]-32.2)|_div_|13.416)|_div_|(1+_exp_((35.7-0.666)|_div_|0.18)))*(1-_sig_(0.2*(x[0]-(18.975+37.6))))+0.18*(1-0.666)*_exp_((0.666+39.9-x[0])|_div_|40.076)|_div_|(1+_exp_((30.0-x[0])|_div_|0.666))*_sig_(0.2*(x[0]-(0.18+30.0))),"{'generation': 0, 'evals': 1, 'test_error': 0.0}"
5,"[[0], [0], [0], [0], [0, 0, 0], [0, 0], [0], [0, 0, 0, 0, 0, 0], [0, 0], [1, 3, 0, 2], [0, 0], [1, 1, 5, 3, 0, 2, 0, 3, 3, 4, 3, 0, 1, 2], [0, 0, 0, 0, 0, 0, 0, 0, 0, 0, 0], [0, 0, 0, 0], [0, 0, 0, 0, 0, 0], [0, 0, 0, 0, 0, 0], [2, 0, 5, 7, 7, 6, 9, 9, 0, 0, 0, 0]]",0.030724214657695238,"[1, 1, 1, 1, 3, 2, 1, 6, 2, 4, 2, 12, 8, 4, 6, 6, 12]",7,(33.941*(1-33.941*(x[0]-32.0)|_div_|13.416)|_div_|(1+_exp_((35.7-0.666)|_div_|0.18)))*(1-_sig_(0.2*(x[0]-(18.975+37.6))))+0.18*(1-0.666)*_exp_((0.666+39.9-x[0])|_div_|40.076)|_div_|(1+_exp_((30.0-x[0])|_div_|0.666))*_sig_(0.2*(x[0]-(0.18+30.0))),"{'generation': 0, 'evals': 1, 'test_error': 0.0}"
6,"[[0], [0], [0], [0], [0, 0, 0], [0, 0], [0], [0, 0, 0, 0, 0, 0], [0, 0], [0, 3, 2, 1], [0, 0], [4, 5, 5, 0, 0, 3, 0, 3, 3, 4, 3, 0, 1, 2], [0, 0, 0, 0, 0, 0, 0, 0, 0, 0, 0], [0, 0, 0, 0], [0, 0, 0, 0, 0, 0], [0, 0, 0, 0, 0, 0], [5, 5, 4, 4, 1, 0, 9, 9, 0, 0, 0, 0]]",0.030724214657695238,"[1, 1, 1, 1, 3, 2, 1, 6, 2, 4, 2, 12, 8, 4, 6, 6, 12]",7,(40.076*(1-13.416*(x[0]-35.5)|_div_|13.416)|_div_|(1+_exp_((34.4-0.18)|_div_|0.18)))*(1-_sig_(0.2*(x[0]-(0.666+31.0))))+0.18*(1-0.666)*_exp_((0.666+39.9-x[0])|_div_|40.076)|_div_|(1+_exp_((30.0-x[0])|_div_|0.666))*_sig_(0.2*(x[0]-(0.18+30.0))),"{'generation': 0, 'evals': 1, 'test_error': 0.0}"
7,"[[0], [0], [0], [0], [0, 0, 0], [0, 0], [0], [0, 0, 0, 0, 0, 0], [0, 0], [1, 3, 2, 1], [0, 0], [4, 0, 3, 2, 0, 5, 0, 3, 3, 4, 3, 0, 3, 2], [0, 0, 0, 0, 0, 0, 0, 0, 0, 0, 0], [0, 0, 0, 0], [0, 0, 0, 0, 0, 0], [0, 0, 0, 0, 0, 0], [0, 1, 2, 6, 0, 7, 9, 9, 0, 0, 0, 0]]",0.030724214657695238,"[1, 1, 1, 1, 3, 2, 1, 6, 2, 4, 2, 12, 8, 4, 6, 6, 12]",7,(40.076*(1-0.18*(x[0]-30.1)|_div_|0.666)|_div_|(1+_exp_((32.6-18.975)|_div_|0.18)))*(1-_sig_(0.2*(x[0]-(13.416+30.7))))+0.18*(1-0.666)*_exp_((0.666+39.9-x[0])|_div_|40.076)|_div_|(1+_exp_((30.0-x[0])|_div_|0.666))*_sig_(0.2*(x[0]-(0.18+30.0))),"{'generation': 0, 'evals': 1, 'test_error': 0.0}"
8,"[[0], [0], [0], [0], [0, 0, 0], [0, 0], [0], [0, 0, 0, 0, 0, 0], [0, 0], [1, 3, 2, 2], [0, 0], [5, 4, 5, 3, 0, 4, 0, 3, 3, 4, 3, 0, 1, 2], [0, 0, 0, 0, 0, 0, 0, 0, 0, 0, 0], [0, 0, 0, 0], [0, 0, 0, 0, 0, 0], [0, 0, 0, 0, 0, 0], [5, 1, 9, 2, 7, 1, 9, 9, 0, 0, 0, 0]]",0.030724214657695238,"[1, 1, 1, 1, 3, 2, 1, 6, 2, 4, 2, 12, 8, 4, 6, 6, 12]",7,(13.416*(1-40.076*(x[0]-35.1)|_div_|13.416)|_div_|(1+_exp_((39.2-0.666)|_div_|0.18)))*(1-_sig_(0.2*(x[0]-(40.076+37.1))))+0.18*(1-0.666)*_exp_((0.666+39.9-x[0])|_div_|40.076)|_div_|(1+_exp_((30.0-x[0])|_div_|0.666))*_sig_(0.2*(x[0]-(0.18+30.0))),"{'generation': 0, 'evals': 1, 'test_error': 0.0}"
9,"[[0], [0], [0], [0], [0, 0, 0], [0, 0], [0], [0, 0, 0, 0, 0, 0], [0, 0], [1, 3, 1, 2], [0, 0], [0, 4, 3, 0, 0, 2, 0, 3, 3, 4, 3, 0, 1, 2], [0, 0, 0, 0, 0, 0, 0, 0, 0, 0, 0], [0, 0, 0, 0], [0, 0, 0, 0, 0, 0], [0, 0, 0, 0, 0, 0], [5, 0, 1, 5, 7, 9, 9, 9, 0, 0, 0, 0]]",0.030724214657695238,"[1, 1, 1, 1, 3, 2, 1, 6, 2, 4, 2, 12, 8, 4, 6, 6, 12]",7,(0.18*(1-40.076*(x[0]-35.0)|_div_|0.666)|_div_|(1+_exp_((31.5-0.18)|_div_|0.18)))*(1-_sig_(0.2*(x[0]-(18.975+37.9))))+0.18*(1-0.666)*_exp_((0.666+39.9-x[0])|_div_|40.076)|_div_|(1+_exp_((30.0-x[0])|_div_|0.666))*_sig_(0.2*(x[0]-(0.18+30.0))),"{'generation': 0, 'evals': 1, 'test_error': 0.0}"
10,"[[0], [0], [0], [0], [0, 0, 0], [0, 0], [0], [0, 0, 0, 0, 0, 0], [0, 0], [1, 3, 1, 2], [0, 0], [5, 3, 4, 3, 0, 2, 0, 3, 3, 4, 3, 0, 1, 2], [0, 0, 0, 0, 0, 0, 0, 0, 0, 0, 0], [0, 0, 0, 0], [0, 0, 0, 0, 0, 0], [0, 0, 0, 0, 0, 0], [5, 1, 9, 7, 7, 1, 9, 9, 0, 0, 0, 0]]",0.030724214657695238,"[1, 1, 1, 1, 3, 2, 1, 6, 2, 4, 2, 12, 8, 4, 6, 6, 12]",7,(13.416*(1-0.666*(x[0]-35.1)|_div_|40.076)|_div_|(1+_exp_((39.7-0.666)|_div_|0.18)))*(1-_sig_(0.2*(x[0]-(18.975+37.1))))+0.18*(1-0.666)*_exp_((0.666+39.9-x[0])|_div_|40.076)|_div_|(1+_exp_((30.0-x[0])|_div_|0.666))*_sig_(0.2*(x[0]-(0.18+30.0))),"{'generation': 0, 'evals': 1, 'test_error': 0.0}"
11,"[[0], [0], [0], [0], [0, 0, 0], [0, 0], [0], [0, 0, 0, 0, 0, 0], [0, 0], [0, 3, 0, 2], [0, 0], [0, 4, 2, 5, 0, 2, 0, 3, 3, 4, 3, 0, 1, 2], [0, 0, 0, 0, 0, 0, 0, 0, 0, 0, 0], [0, 0, 0, 0], [0, 0, 0, 0, 0, 0], [0, 0, 0, 0, 0, 0], [0, 2, 2, 2, 7, 6, 9, 9, 0, 0, 0, 0]]",0.030724214657695238,"[1, 1, 1, 1, 3, 2, 1, 6, 2, 4, 2, 12, 8, 4, 6, 6, 12]",7,(0.18*(1-40.076*(x[0]-30.2)|_div_|18.975)|_div_|(1+_exp_((32.2-13.416)|_div_|0.18)))*(1-_sig_(0.2*(x[0]-(18.975+37.6))))+0.18*(1-0.666)*_exp_((0.666+39.9-x[0])|_div_|40.076)|_div_|(1+_exp_((30.0-x[0])|_div_|0.666))*_sig_(0.2*(x[0]-(0.18+30.0))),"{'generation': 0, 'evals': 1, 'test_error': 0.0}"
12,"[[0], [0], [0], [0], [0, 0, 0], [0, 0], [0], [0, 0, 0, 0, 0, 0], [0, 0], [1, 3, 2, 0], [0, 0], [5, 0, 5, 3, 0, 4, 0, 3, 3, 4, 3, 0, 1, 2], [0, 0, 0, 0, 0, 0, 0, 0, 0, 0, 0], [0, 0, 0, 0], [0, 0, 0, 0, 0, 0], [0, 0, 0, 0, 0, 0], [0, 2, 2, 1, 7, 3, 9, 9, 0, 0, 0, 0]]",0.030724214657695238,"[1, 1, 1, 1, 3, 2, 1, 6, 2, 4, 2, 12, 8, 4, 6, 6, 12]",7,(13.416*(1-0.18*(x[0]-30.2)|_div_|13.416)|_div_|(1+_exp_((32.1-0.666)|_div_|0.18)))*(1-_sig_(0.2*(x[0]-(40.076+37.3))))+0.18*(1-0.666)*_exp_((0.666+39.9-x[0])|_div_|40.076)|_div_|(1+_exp_((30.0-x[0])|_div_|0.666))*_sig_(0.2*(x[0]-(0.18+30.0))),"{'generation': 0, 'evals': 1, 'test_error': 0.0}"
13,"[[0], [0], [0], [0], [0, 0, 0], [0, 0], [0], [0, 0, 0, 0, 0, 0], [0, 0], [1, 3, 2, 2], [0, 0], [4, 0, 4, 3, 0, 5, 0, 3, 3, 4, 3, 0, 3, 2], [0, 0, 0, 0, 0, 0, 0, 0, 0, 0, 0], [0, 0, 0, 0], [0, 0, 0, 0, 0, 0], [0, 0, 0, 0, 0, 0], [0, 1, 2, 6, 0, 7, 9, 9, 0, 0, 0, 0]]",0.030724214657695238,"[1, 1, 1, 1, 3, 2, 1, 6, 2, 4, 2, 12, 8, 4, 6, 6, 12]",7,(40.076*(1-0.18*(x[0]-30.1)|_div_|40.076)|_div_|(1+_exp_((32.6-0.666)|_div_|0.18)))*(1-_sig_(0.2*(x[0]-(13.416+30.7))))+0.18*(1-0.666)*_exp_((0.666+39.9-x[0])|_div_|40.076)|_div_|(1+_exp_((30.0-x[0])|_div_|0.666))*_sig_(0.2*(x[0]-(0.18+30.0))),"{'generation': 0, 'evals': 1, 'test_error': 0.0}"
14,"[[0], [0], [0], [0], [0, 0, 0], [0, 0], [0], [0, 0, 0, 0, 0, 0], [0, 0], [1, 3, 0, 1], [0, 0], [4, 5, 2, 0, 0, 3, 0, 3, 3, 4, 3, 0, 1, 2], [0, 0, 0, 0, 0, 0, 0, 0, 0, 0, 0], [0, 0, 0, 0], [0, 0, 0, 0, 0, 0], [0, 0, 0, 0, 0, 0], [5, 5, 4, 7, 1, 0, 9, 9, 0, 0, 0, 0]]",0.030724214657695238,"[1, 1, 1, 1, 3, 2, 1, 6, 2, 4, 2, 12, 8, 4, 6, 6, 12]",7,(40.076*(1-13.416*(x[0]-35.5)|_div_|18.975)|_div_|(1+_exp_((34.7-0.18)|_div_|0.18)))*(1-_sig_(0.2*(x[0]-(0.666+31.0))))+0.18*(1-0.666)*_exp_((0.666+39.9-x[0])|_div_|40.076)|_div_|(1+_exp_((30.0-x[0])|_div_|0.666))*_sig_(0.2*(x[0]-(0.18+30.0))),"{'generation': 0, 'evals': 1, 'test_error': 0.0}"
15,"[[0], [0], [0], [0], [0, 0, 0], [0, 0], [0], [0, 0, 0, 0, 0, 0], [0, 0], [1, 3, 0, 0], [0, 0], [5, 3, 3, 2, 0, 1, 0, 3, 3, 4, 3, 0, 3, 2], [0, 0, 0, 0, 0, 0, 0, 0, 0, 0, 0], [0, 0, 0, 0], [0, 0, 0, 0, 0, 0], [0, 0, 0, 0, 0, 0], [9, 1, 2, 6, 7, 9, 9, 9, 0, 0, 0, 0]]",0.030724214657695238,"[1, 1, 1, 1, 3, 2, 1, 6, 2, 4, 2, 12, 8, 4, 6, 6, 12]",7,(13.416*(1-0.666*(x[0]-39.1)|_div_|0.666)|_div_|(1+_exp_((32.6-18.975)|_div_|0.18)))*(1-_sig_(0.2*(x[0]-(33.941+37.9))))+0.18*(1-0.666)*_exp_((0.666+39.9-x[0])|_div_|40.076)|_div_|(1+_exp_((30.0-x[0])|_div_|0.666))*_sig_(0.2*(x[0]-(0.18+30.0))),"{'generation': 0, 'evals': 1, 'test_error': 0.0}"
16,"[[0], [0], [0], [0], [0, 0, 0], [0, 0], [0], [0, 0, 0, 0, 0, 0], [0, 0], [1, 3, 0, 1], [0, 0], [1, 4, 5, 3, 0, 2, 0, 3, 3, 4, 3, 0, 1, 2], [0, 0, 0, 0, 0, 0, 0, 0, 0, 0, 0], [0, 0, 0, 0], [0, 0, 0, 0, 0, 0], [0, 0, 0, 0, 0, 0], [6, 4, 7, 7, 4, 6, 9, 9, 0, 0, 0, 0]]",0.030724214657695238,"[1, 1, 1, 1, 3, 2, 1, 6, 2, 4, 2, 12, 8, 4, 6, 6, 12]",7,(33.941*(1-40.076*(x[0]-36.4)|_div_|13.416)|_div_|(1+_exp_((37.7-0.666)|_div_|0.18)))*(1-_sig_(0.2*(x[0]-(18.975+34.6))))+0.18*(1-0.666)*_exp_((0.666+39.9-x[0])|_div_|40.076)|_div_|(1+_exp_((30.0-x[0])|_div_|0.666))*_sig_(0.2*(x[0]-(0.18+30.0))),"{'generation': 0, 'evals': 1, 'test_error': 0.0}"
17,"[[0], [0], [0], [0], [0, 0, 0], [0, 0], [0], [0, 0, 0, 0, 0, 0], [0, 0], [1, 3, 0, 1], [0, 0], [4, 5, 2, 0, 0, 3, 0, 3, 3, 4, 3, 0, 1, 2], [0, 0, 0, 0, 0, 0, 0, 0, 0, 0, 0], [0, 0, 0, 0], [0, 0, 0, 0, 0, 0], [0, 0, 0, 0, 0, 0], [8, 5, 3, 7, 6, 0, 9, 9, 0, 0, 0, 0]]",0.030724214657695238,"[1, 1, 1, 1, 3, 2, 1, 6, 2, 4, 2, 12, 8, 4, 6, 6, 12]",7,(40.076*(1-13.416*(x[0]-38.5)|_div_|18.975)|_div_|(1+_exp_((33.7-0.18)|_div_|0.18)))*(1-_sig_(0.2*(x[0]-(0.666+36.0))))+0.18*(1-0.666)*_exp_((0.666+39.9-x[0])|_div_|40.076)|_div_|(1+_exp_((30.0-x[0])|_div_|0.666))*_sig_(0.2*(x[0]-(0.18+30.0))),"{'generation': 0, 'evals': 1, 'test_error': 0.0}"
18,"[[0], [0], [0], [0], [0, 0, 0], [0, 0], [0], [0, 0, 0, 0, 0, 0], [0, 0], [1, 3, 2, 1], [0, 0], [4, 2, 1, 3, 3, 3, 0, 3, 3, 4, 3, 0, 3, 2], [0, 0, 0, 0, 0, 0, 0, 0, 0, 0, 0], [0, 0, 0, 0], [0, 0, 0, 0, 0, 0], [0, 0, 0, 0, 0, 0], [6, 1, 7, 7, 4, 3, 9, 9, 0, 0, 0, 0]]",0.030724214657695238,"[1, 1, 1, 1, 3, 2, 1, 6, 2, 4, 2, 12, 8, 4, 6, 6, 12]",7,(40.076*(1-18.975*(x[0]-36.1)|_div_|33.941)|_div_|(1+_exp_((37.7-0.666)|_div_|0.666)))*(1-_sig_(0.2*(x[0]-(0.666+34.3))))+0.18*(1-0.666)*_exp_((0.666+39.9-x[0])|_div_|40.076)|_div_|(1+_exp_((30.0-x[0])|_div_|0.666))*_sig_(0.2*(x[0]-(0.18+30.0))),"{'generation': 0, 'evals': 1, 'test_error': 0.0}"
19,"[[0], [0], [0], [0], [0, 0, 0], [0, 0], [0], [0, 0, 0, 0, 0, 0], [0, 0], [1, 3, 0, 2], [0, 0], [2, 4, 5, 3, 0, 2, 0, 3, 3, 4, 3, 0, 1, 2], [0, 0, 0, 0, 0, 0, 0, 0, 0, 0, 0], [0, 0, 0, 0], [0, 0, 0, 0, 0, 0], [0, 0, 0, 0, 0, 0], [0, 0, 5, 4, 8, 4, 9, 9, 0, 0, 0, 0]]",0.030724214657695238,"[1, 1, 1, 1, 3, 2, 1, 6, 2, 4, 2, 12, 8, 4, 6, 6, 12]",7,(18.975*(1-40.076*(x[0]-30.0)|_div_|13.416)|_div_|(1+_exp_((35.4-0.666)|_div_|0.18)))*(1-_sig_(0.2*(x[0]-(18.975+38.4))))+0.18*(1-0.666)*_exp_((0.666+39.9-x[0])|_div_|40.076)|_div_|(1+_exp_((30.0-x[0])|_div_|0.666))*_sig_(0.2*(x[0]-(0.18+30.0))),"{'generation': 0, 'evals': 1, 'test_error': 0.0}"
20,"[[0], [0], [0], [0], [0, 0, 0], [0, 0], [0], [0, 0, 0, 0, 0, 0], [0, 0], [1, 3, 0, 2], [0, 0], [4, 1, 5, 5, 0, 2, 0, 3, 3, 4, 3, 0, 1, 2], [0, 0, 0, 0, 0, 0, 0, 0, 0, 0, 0], [0, 0, 0, 0], [0, 0, 0, 0, 0, 0], [0, 0, 0, 0, 0, 0], [5, 2, 0, 7, 7, 6, 9, 9, 0, 0, 0, 0]]",0.030724214657695238,"[1, 1, 1, 1, 3, 2, 1, 6, 2, 4, 2, 12, 8, 4, 6, 6, 12]",7,(40.076*(1-33.941*(x[0]-35.2)|_div_|13.416)|_div_|(1+_exp_((30.7-13.416)|_div_|0.18)))*(1-_sig_(0.2*(x[0]-(18.975+37.6))))+0.18*(1-0.666)*_exp_((0.666+39.9-x[0])|_div_|40.076)|_div_|(1+_exp_((30.0-x[0])|_div_|0.666))*_sig_(0.2*(x[0]-(0.18+30.0))),"{'generation': 0, 'evals': 1, 'test_error': 0.0}"
21,"[[0], [0], [0], [0], [0, 0, 0], [0, 0], [0], [0, 0, 0, 0, 0, 0], [0, 0], [0, 3, 2, 1], [0, 0], [0, 4, 3, 0, 0, 2, 0, 3, 3, 4, 3, 0, 1, 2], [0, 0, 0, 0, 0, 0, 0, 0, 0, 0, 0], [0, 0, 0, 0], [0, 0, 0, 0, 0, 0], [0, 0, 0, 0, 0, 0], [8, 2, 6, 4, 9, 4, 9, 9, 0, 0, 0, 0]]",0.030724214657695238,"[1, 1, 1, 1, 3, 2, 1, 6, 2, 4, 2, 12, 8, 4, 6, 6, 12]",7,(0.18*(1-40.076*(x[0]-38.2)|_div_|0.666)|_div_|(1+_exp_((36.4-0.18)|_div_|0.18)))*(1-_sig_(0.2*(x[0]-(18.975+39.4))))+0.18*(1-0.666)*_exp_((0.666+39.9-x[0])|_div_|40.076)|_div_|(1+_exp_((30.0-x[0])|_div_|0.666))*_sig_(0.2*(x[0]-(0.18+30.0))),"{'generation': 0, 'evals': 1, 'test_error': 0.0}"
22,"[[0], [0], [0], [0], [0, 0, 0], [0, 0], [0], [0, 0, 0, 0, 0, 0], [0, 0], [1, 3, 2, 1], [0, 0], [0, 0, 3, 2, 0, 1, 0, 3, 3, 4, 3, 0, 3, 2], [0, 0, 0, 0, 0, 0, 0, 0, 0, 0, 0], [0, 0, 0, 0], [0, 0, 0, 0, 0, 0], [0, 0, 0, 0, 0, 0], [2, 0, 8, 7, 7, 6, 9, 9, 0, 0, 0, 0]]",0.030724214657695238,"[1, 1, 1, 1, 3, 2, 1, 6, 2, 4, 2, 12, 8, 4, 6, 6, 12]",7,(0.18*(1-0.18*(x[0]-32.0)|_div_|0.666)|_div_|(1+_exp_((38.7-18.975)|_div_|0.18)))*(1-_sig_(0.2*(x[0]-(33.941+37.6))))+0.18*(1-0.666)*_exp_((0.666+39.9-x[0])|_div_|40.076)|_div_|(1+_exp_((30.0-x[0])|_div_|0.666))*_sig_(0.2*(x[0]-(0.18+30.0))),"{'generation': 0, 'evals': 1, 'test_error': 0.0}"
23,"[[0], [0], [0], [0], [0, 0, 0], [0, 0], [0], [0, 0, 0, 0, 0, 0], [0, 0], [0, 3, 0, 1], [0, 0], [0, 5, 2, 5, 0, 2, 0, 3, 3, 4, 3, 0, 1, 2], [0, 0, 0, 0, 0, 0, 0, 0, 0, 0, 0], [0, 0, 0, 0], [0, 0, 0, 0, 0, 0], [0, 0, 0, 0, 0, 0], [9, 2, 7, 2, 7, 6, 9, 9, 0, 0, 0, 0]]",0.030724214657695238,"[1, 1, 1, 1, 3, 2, 1, 6, 2, 4, 2, 12, 8, 4, 6, 6, 12]",7,(0.18*(1-13.416*(x[0]-39.2)|_div_|18.975)|_div_|(1+_exp_((37.2-13.416)|_div_|0.18)))*(1-_sig_(0.2*(x[0]-(18.975+37.6))))+0.18*(1-0.666)*_exp_((0.666+39.9-x[0])|_div_|40.076)|_div_|(1+_exp_((30.0-x[0])|_div_|0.666))*_sig_(0.2*(x[0]-(0.18+30.0))),"{'generation': 0, 'evals': 1, 'test_error': 0.0}"
24,"[[0], [0], [0], [0], [0, 0, 0], [0, 0], [0], [0, 0, 0, 0, 0, 0], [0, 0], [1, 3, 0, 2], [0, 0], [4, 5, 2, 0, 0, 3, 0, 3, 3, 4, 3, 0, 1, 2], [0, 0, 0, 0, 0, 0, 0, 0, 0, 0, 0], [0, 0, 0, 0], [0, 0, 0, 0, 0, 0], [0, 0, 0, 0, 0, 0], [2, 0, 8, 7, 7, 6, 9, 9, 0, 0, 0, 0]]",0.030724214657695238,"[1, 1, 1, 1, 3, 2, 1, 6, 2, 4, 2, 12, 8, 4, 6, 6, 12]",7,(40.076*(1-13.416*(x[0]-32.0)|_div_|18.975)|_div_|(1+_exp_((38.7-0.18)|_div_|0.18)))*(1-_sig_(0.2*(x[0]-(0.666+37.6))))+0.18*(1-0.666)*_exp_((0.666+39.9-x[0])|_div_|40.076)|_div_|(1+_exp_((30.0-x[0])|_div_|0.666))*_sig_(0.2*(x[0]-(0.18+30.0))),"{'generation': 0, 'evals': 1, 'test_error': 0.0}"
25,"[[0], [0], [0], [0], [0, 0, 0], [0, 0], [0], [0, 0, 0, 0, 0, 0], [0, 0], [2, 3, 2, 0], [0, 0], [4, 2, 1, 3, 3, 3, 0, 3, 3, 4, 3, 0, 3, 2], [0, 0, 0, 0, 0, 0, 0, 0, 0, 0, 0], [0, 0, 0, 0], [0, 0, 0, 0, 0, 0], [0, 0, 0, 0, 0, 0], [6, 2, 7, 7, 9, 3, 9, 9, 0, 0, 0, 0]]",0.030724214657695238,"[1, 1, 1, 1, 3, 2, 1, 6, 2, 4, 2, 12, 8, 4, 6, 6, 12]",7,(40.076*(1-18.975*(x[0]-36.2)|_div_|33.941)|_div_|(1+_exp_((37.7-0.666)|_div_|0.666)))*(1-_sig_(0.2*(x[0]-(0.666+39.3))))+0.18*(1-0.666)*_exp_((0.666+39.9-x[0])|_div_|40.076)|_div_|(1+_exp_((30.0-x[0])|_div_|0.666))*_sig_(0.2*(x[0]-(0.18+30.0))),"{'generation': 0, 'evals': 1, 'test_error': 0.0}"
26,"[[0], [0], [0], [0], [0, 0, 0], [0, 0], [0], [0, 0, 0, 0, 0, 0], [0, 0], [1, 3, 2, 2], [0, 0], [4, 1, 4, 5, 0, 2, 0, 3, 3, 4, 3, 0, 1, 2], [0, 0, 0, 0, 0, 0, 0, 0, 0, 0, 0], [0, 0, 0, 0], [0, 0, 0, 0, 0, 0], [0, 0, 0, 0, 0, 0], [5, 7, 9, 7, 5, 9, 9, 9, 0, 0, 0, 0]]",0.030724214657695238,"[1, 1, 1, 1, 3, 2, 1, 6, 2, 4, 2, 12, 8, 4, 6, 6, 12]",7,(40.076*(1-33.941*(x[0]-35.7)|_div_|40.076)|_div_|(1+_exp_((39.7-13.416)|_div_|0.18)))*(1-_sig_(0.2*(x[0]-(18.975+35.9))))+0.18*(1-0.666)*_exp_((0.666+39.9-x[0])|_div_|40.076)|_div_|(1+_exp_((30.0-x[0])|_div_|0.666))*_sig_(0.2*(x[0]-(0.18+30.0))),"{'generation': 0, 'evals': 1, 'test_error': 0.0}"
27,"[[0], [0], [0], [0], [0, 0, 0], [0, 0], [0], [0, 0, 0, 0, 0, 0], [0, 0], [0, 3, 0, 2], [0, 0], [0, 4, 2, 5, 0, 2, 0, 3, 3, 4, 3, 0, 1, 2], [0, 0, 0, 0, 0, 0, 0, 0, 0, 0, 0], [0, 0, 0, 0], [0, 0, 0, 0, 0, 0], [0, 0, 0, 0, 0, 0], [5, 5, 4, 7, 4, 3, 9, 9, 0, 0, 0, 0]]",0.030724214657695238,"[1, 1, 1, 1, 3, 2, 1, 6, 2, 4, 2, 12, 8, 4, 6, 6, 12]",7,(0.18*(1-40.076*(x[0]-35.5)|_div_|18.975)|_div_|(1+_exp_((34.7-13.416)|_div_|0.18)))*(1-_sig_(0.2*(x[0]-(18.975+34.3))))+0.18*(1-0.666)*_exp_((0.666+39.9-x[0])|_div_|40.076)|_div_|(1+_exp_((30.0-x[0])|_div_|0.666))*_sig_(0.2*(x[0]-(0.18+30.0))),"{'generation': 0, 'evals': 1, 'test_error': 0.0}"
28,"[[0], [0], [0], [0], [0, 0, 0], [0, 0], [0], [0, 0, 0, 0, 0, 0], [0, 0], [2, 3, 0, 2], [0, 0], [5, 3, 4, 3, 0, 0, 0, 3, 3, 4, 3, 0, 1, 2], [0, 0, 0, 0, 0, 0, 0, 0, 0, 0, 0], [0, 0, 0, 0], [0, 0, 0, 0, 0, 0], [0, 0, 0, 0, 0, 0], [6, 1, 9, 7, 7, 8, 9, 9, 0, 0, 0, 0]]",0.030724214657695238,"[1, 1, 1, 1, 3, 2, 1, 6, 2, 4, 2, 12, 8, 4, 6, 6, 12]",7,(13.416*(1-0.666*(x[0]-36.1)|_div_|40.076)|_div_|(1+_exp_((39.7-0.666)|_div_|0.18)))*(1-_sig_(0.2*(x[0]-(0.18+37.8))))+0.18*(1-0.666)*_exp_((0.666+39.9-x[0])|_div_|40.076)|_div_|(1+_exp_((30.0-x[0])|_div_|0.666))*_sig_(0.2*(x[0]-(0.18+30.0))),"{'generation': 0, 'evals': 1, 'test_error': 0.0}"
29,"[[0], [0], [0], [0], [0, 0, 0], [0, 0], [0], [0, 0, 0, 0, 0, 0], [0, 0], [0, 3, 2, 2], [0, 0], [3, 3, 1, 3, 3, 3, 0, 3, 3, 4, 3, 0, 3, 2], [0, 0, 0, 0, 0, 0, 0, 0, 0, 0, 0], [0, 0, 0, 0], [0, 0, 0, 0, 0, 0], [0, 0, 0, 0, 0, 0], [6, 1, 7, 7, 4, 3, 9, 9, 0, 0, 0, 0]]",0.030724214657695238,"[1, 1, 1, 1, 3, 2, 1, 6, 2, 4, 2, 12, 8, 4, 6, 6, 12]",7,(0.666*(1-0.666*(x[0]-36.1)|_div_|33.941)|_div_|(1+_exp_((37.7-0.666)|_div_|0.666)))*(1-_sig_(0.2*(x[0]-(0.666+34.3))))+0.18*(1-0.666)*_exp_((0.666+39.9-x[0])|_div_|40.076)|_div_|(1+_exp_((30.0-x[0])|_div_|0.666))*_sig_(0.2*(x[0]-(0.18+30.0))),"{'generation': 0, 'evals': 1, 'test_error': 0.0}"
30,"[[0], [0], [0], [0], [0, 0, 0], [0, 0], [0], [0, 0, 0, 0, 0, 0], [0, 0], [0, 3, 0, 1], [0, 0], [5, 4, 2, 5, 0, 2, 0, 3, 3, 4, 3, 0, 1, 2], [0, 0, 0, 0, 0, 0, 0, 0, 0, 0, 0], [0, 0, 0, 0], [0, 0, 0, 0, 0, 0], [0, 0, 0, 0, 0, 0], [2, 2, 4, 0, 7, 6, 9, 9, 0, 0, 0, 0]]",0.030724214657695238,"[1, 1, 1, 1, 3, 2, 1, 6, 2, 4, 2, 12, 8, 4, 6, 6, 12]",7,(13.416*(1-40.076*(x[0]-32.2)|_div_|18.975)|_div_|(1+_exp_((34.0-13.416)|_div_|0.18)))*(1-_sig_(0.2*(x[0]-(18.975+37.6))))+0.18*(1-0.666)*_exp_((0.666+39.9-x[0])|_div_|40.076)|_div_|(1+_exp_((30.0-x[0])|_div_|0.666))*_sig_(0.2*(x[0]-(0.18+30.0))),"{'generation': 0, 'evals': 1, 'test_error': 0.0}"
31,"[[0], [0], [0], [0], [0, 0, 0], [0, 0], [0], [0, 0, 0, 0, 0, 0], [0, 0], [1, 3, 0, 0], [0, 0], [0, 4, 3, 0, 0, 2, 0, 3, 3, 4, 3, 0, 1, 2], [0, 0, 0, 0, 0, 0, 0, 0, 0, 0, 0], [0, 0, 0, 0], [0, 0, 0, 0, 0, 0], [0, 0, 0, 0, 0, 0], [5, 5, 4, 9, 1, 0, 9, 9, 0, 0, 0, 0]]",0.030724214657695238,"[1, 1, 1, 1, 3, 2, 1, 6, 2, 4, 2, 12, 8, 4, 6, 6, 12]",7,(0.18*(1-40.076*(x[0]-35.5)|_div_|0.666)|_div_|(1+_exp_((34.9-0.18)|_div_|0.18)))*(1-_sig_(0.2*(x[0]-(18.975+31.0))))+0.18*(1-0.666)*_exp_((0.666+39.9-x[0])|_div_|40.076)|_div_|(1+_exp_((30.0-x[0])|_div_|0.666))*_sig_(0.2*(x[0]-(0.18+30.0))),"{'generation': 0, 'evals': 1, 'test_error': 0.0}"
32,"[[0], [0], [0], [0], [0, 0, 0], [0, 0], [0], [0, 0, 0, 0, 0, 0], [0, 0], [2, 3, 0, 1], [0, 0], [2, 0, 4, 3, 0, 5, 0, 3, 3, 4, 3, 0, 3, 2], [0, 0, 0, 0, 0, 0, 0, 0, 0, 0, 0], [0, 0, 0, 0], [0, 0, 0, 0, 0, 0], [0, 0, 0, 0, 0, 0], [2, 1, 2, 8, 2, 7, 9, 9, 0, 0, 0, 0]]",0.030724214657695238,"[1, 1, 1, 1, 3, 2, 1, 6, 2, 4, 2, 12, 8, 4, 6, 6, 12]",7,(18.975*(1-0.18*(x[0]-32.1)|_div_|40.076)|_div_|(1+_exp_((32.8-0.666)|_div_|0.18)))*(1-_sig_(0.2*(x[0]-(13.416+32.7))))+0.18*(1-0.666)*_exp_((0.666+39.9-x[0])|_div_|40.076)|_div_|(1+_exp_((30.0-x[0])|_div_|0.666))*_sig_(0.2*(x[0]-(0.18+30.0))),"{'generation': 0, 'evals': 1, 'test_error': 0.0}"
33,"[[0], [0], [0], [0], [0, 0, 0], [0, 0], [0], [0, 0, 0, 0, 0, 0], [0, 0], [1, 3, 2, 0], [0, 0], [1, 1, 5, 5, 0, 2, 0, 3, 3, 4, 3, 0, 1, 2], [0, 0, 0, 0, 0, 0, 0, 0, 0, 0, 0], [0, 0, 0, 0], [0, 0, 0, 0, 0, 0], [0, 0, 0, 0, 0, 0], [2, 0, 3, 7, 7, 6, 9, 9, 0, 0, 0, 0]]",0.030724214657695238,"[1, 1, 1, 1, 3, 2, 1, 6, 2, 4, 2, 12, 8, 4, 6, 6, 12]",7,(33.941*(1-33.941*(x[0]-32.0)|_div_|13.416)|_div_|(1+_exp_((33.7-13.416)|_div_|0.18)))*(1-_sig_(0.2*(x[0]-(18.975+37.6))))+0.18*(1-0.666)*_exp_((0.666+39.9-x[0])|_div_|40.076)|_div_|(1+_exp_((30.0-x[0])|_div_|0.666))*_sig_(0.2*(x[0]-(0.18+30.0))),"{'generation': 0, 'evals': 1, 'test_error': 0.0}"
34,"[[0], [0], [0], [0], [0, 0, 0], [0, 0], [0], [0, 0, 0, 0, 0, 0], [0, 0], [2, 3, 2, 1], [0, 0], [3, 0, 3, 3, 0, 5, 0, 3, 3, 4, 3, 0, 3, 2], [0, 0, 0, 0, 0, 0, 0, 0, 0, 0, 0], [0, 0, 0, 0], [0, 0, 0, 0, 0, 0], [0, 0, 0, 0, 0, 0], [2, 1, 2, 5, 2, 7, 9, 9, 0, 0, 0, 0]]",0.030724214657695238,"[1, 1, 1, 1, 3, 2, 1, 6, 2, 4, 2, 12, 8, 4, 6, 6, 12]",7,(0.666*(1-0.18*(x[0]-32.1)|_div_|0.666)|_div_|(1+_exp_((32.5-0.666)|_div_|0.18)))*(1-_sig_(0.2*(x[0]-(13.416+32.7))))+0.18*(1-0.666)*_exp_((0.666+39.9-x[0])|_div_|40.076)|_div_|(1+_exp_((30.0-x[0])|_div_|0.666))*_sig_(0.2*(x[0]-(0.18+30.0))),"{'generation': 0, 'evals': 1, 'test_error': 0.0}"
35,"[[0], [0], [0], [0], [0, 0, 0], [0, 0], [0], [0, 0, 0, 0, 0, 0], [0, 0], [0, 3, 0, 1], [0, 0], [0, 4, 2, 5, 0, 2, 0, 3, 3, 4, 3, 0, 1, 2], [0, 0, 0, 0, 0, 0, 0, 0, 0, 0, 0], [0, 0, 0, 0], [0, 0, 0, 0, 0, 0], [0, 0, 0, 0, 0, 0], [2, 6, 0, 7, 1, 0, 9, 9, 0, 0, 0, 0]]",0.030724214657695238,"[1, 1, 1, 1, 3, 2, 1, 6, 2, 4, 2, 12, 8, 4, 6, 6, 12]",7,(0.18*(1-40.076*(x[0]-32.6)|_div_|18.975)|_div_|(1+_exp_((30.7-13.416)|_div_|0.18)))*(1-_sig_(0.2*(x[0]-(18.975+31.0))))+0.18*(1-0.666)*_exp_((0.666+39.9-x[0])|_div_|40.076)|_div_|(1+_exp_((30.0-x[0])|_div_|0.666))*_sig_(0.2*(x[0]-(0.18+30.0))),"{'generation': 0, 'evals': 1, 'test_error': 0.0}"
36,"[[0], [0], [0], [0], [0, 0, 0], [0, 0], [0], [0, 0, 0, 0, 0, 0], [0, 0], [1, 3, 1, 0], [0, 0], [0, 4, 2, 5, 0, 2, 0, 3, 3, 4, 3, 0, 1, 2], [0, 0, 0, 0, 0, 0, 0, 0, 0, 0, 0], [0, 0, 0, 0], [0, 0, 0, 0, 0, 0], [0, 0, 0, 0, 0, 0], [2, 2, 0, 2, 1, 0, 9, 9, 0, 0, 0, 0]]",0.030724214657695238,"[1, 1, 1, 1, 3, 2, 1, 6, 2, 4, 2, 12, 8, 4, 6, 6, 12]",7,(0.18*(1-40.076*(x[0]-32.2)|_div_|18.975)|_div_|(1+_exp_((30.2-13.416)|_div_|0.18)))*(1-_sig_(0.2*(x[0]-(18.975+31.0))))+0.18*(1-0.666)*_exp_((0.666+39.9-x[0])|_div_|40.076)|_div_|(1+_exp_((30.0-x[0])|_div_|0.666))*_sig_(0.2*(x[0]-(0.18+30.0))),"{'generation': 0, 'evals': 1, 'test_error': 0.0}"
37,"[[0], [0], [0], [0], [0, 0, 0], [0, 0], [0], [0, 0, 0, 0, 0, 0], [0, 0], [1, 3, 2, 0], [0, 0], [5, 3, 3, 2, 0, 1, 0, 3, 3, 4, 3, 0, 3, 2], [0, 0, 0, 0, 0, 0, 0, 0, 0, 0, 0], [0, 0, 0, 0], [0, 0, 0, 0, 0, 0], [0, 0, 0, 0, 0, 0], [5, 1, 3, 6, 7, 9, 9, 9, 0, 0, 0, 0]]",0.030724214657695238,"[1, 1, 1, 1, 3, 2, 1, 6, 2, 4, 2, 12, 8, 4, 6, 6, 12]",7,(13.416*(1-0.666*(x[0]-35.1)|_div_|0.666)|_div_|(1+_exp_((33.6-18.975)|_div_|0.18)))*(1-_sig_(0.2*(x[0]-(33.941+37.9))))+0.18*(1-0.666)*_exp_((0.666+39.9-x[0])|_div_|40.076)|_div_|(1+_exp_((30.0-x[0])|_div_|0.666))*_sig_(0.2*(x[0]-(0.18+30.0))),"{'generation': 0, 'evals': 1, 'test_error': 0.0}"
38,"[[0], [0], [0], [0], [0, 0, 0], [0, 0], [0], [0, 0, 0, 0, 0, 0], [0, 0], [0, 3, 1, 1], [0, 0], [0, 5, 3, 2, 0, 1, 0, 3, 3, 4, 3, 0, 3, 2], [0, 0, 0, 0, 0, 0, 0, 0, 0, 0, 0], [0, 0, 0, 0], [0, 0, 0, 0, 0, 0], [0, 0, 0, 0, 0, 0], [2, 0, 9, 7, 5, 6, 9, 9, 0, 0, 0, 0]]",0.030724214657695238,"[1, 1, 1, 1, 3, 2, 1, 6, 2, 4, 2, 12, 8, 4, 6, 6, 12]",7,(0.18*(1-13.416*(x[0]-32.0)|_div_|0.666)|_div_|(1+_exp_((39.7-18.975)|_div_|0.18)))*(1-_sig_(0.2*(x[0]-(33.941+35.6))))+0.18*(1-0.666)*_exp_((0.666+39.9-x[0])|_div_|40.076)|_div_|(1+_exp_((30.0-x[0])|_div_|0.666))*_sig_(0.2*(x[0]-(0.18+30.0))),"{'generation': 0, 'evals': 1, 'test_error': 0.0}"
39,"[[0], [0], [0], [0], [0, 0, 0], [0, 0], [0], [0, 0, 0, 0, 0, 0], [0, 0], [0, 3, 2, 0], [0, 0], [5, 3, 3, 2, 0, 1, 0, 3, 3, 4, 3, 0, 3, 2], [0, 0, 0, 0, 0, 0, 0, 0, 0, 0, 0], [0, 0, 0, 0], [0, 0, 0, 0, 0, 0], [0, 0, 0, 0, 0, 0], [0, 1, 2, 6, 0, 7, 9, 9, 0, 0, 0, 0]]",0.030724214657695238,"[1, 1, 1, 1, 3, 2, 1, 6, 2, 4, 2, 12, 8, 4, 6, 6, 12]",7,(13.416*(1-0.666*(x[0]-30.1)|_div_|0.666)|_div_|(1+_exp_((32.6-18.975)|_div_|0.18)))*(1-_sig_(0.2*(x[0]-(33.941+30.7))))+0.18*(1-0.666)*_exp_((0.666+39.9-x[0])|_div_|40.076)|_div_|(1+_exp_((30.0-x[0])|_div_|0.666))*_sig_(0.2*(x[0]-(0.18+30.0))),"{'generation': 0, 'evals': 1, 'test_error': 0.0}"
40,"[[0], [0], [0], [0], [0, 0, 0], [0, 0], [0], [0, 0, 0, 0, 0, 0], [0, 0], [0, 3, 2, 0], [0, 0], [5, 3, 4, 0, 0, 3, 0, 3, 3, 4, 3, 0, 1, 2], [0, 0, 0, 0, 0, 0, 0, 0, 0, 0, 0], [0, 0, 0, 0], [0, 0, 0, 0, 0, 0], [0, 0, 0, 0, 0, 0], [3, 9, 2, 6, 0, 2, 9, 9, 0, 0, 0, 0]]",0.030724214657695238,"[1, 1, 1, 1, 3, 2, 1, 6, 2, 4, 2, 12, 8, 4, 6, 6, 12]",7,(13.416*(1-0.666*(x[0]-33.9)|_div_|40.076)|_div_|(1+_exp_((32.6-0.18)|_div_|0.18)))*(1-_sig_(0.2*(x[0]-(0.666+30.2))))+0.18*(1-0.666)*_exp_((0.666+39.9-x[0])|_div_|40.076)|_div_|(1+_exp_((30.0-x[0])|_div_|0.666))*_sig_(0.2*(x[0]-(0.18+30.0))),"{'generation': 0, 'evals': 1, 'test_error': 0.0}"
41,"[[0], [0], [0], [0], [0, 0, 0], [0, 0], [0], [0, 0, 0, 0, 0, 0], [0, 0], [0, 3, 2, 1], [0, 0], [4, 5, 4, 0, 0, 1, 0, 3, 3, 4, 3, 0, 1, 2], [0, 0, 0, 0, 0, 0, 0, 0, 0, 0, 0], [0, 0, 0, 0], [0, 0, 0, 0, 0, 0], [0, 0, 0, 0, 0, 0], [5, 5, 4, 4, 1, 0, 9, 9, 0, 0, 0, 0]]",0.030724214657695238,"[1, 1, 1, 1, 3, 2, 1, 6, 2, 4, 2, 12, 8, 4, 6, 6, 12]",7,(40.076*(1-13.416*(x[0]-35.5)|_div_|40.076)|_div_|(1+_exp_((34.4-0.18)|_div_|0.18)))*(1-_sig_(0.2*(x[0]-(33.941+31.0))))+0.18*(1-0.666)*_exp_((0.666+39.9-x[0])|_div_|40.076)|_div_|(1+_exp_((30.0-x[0])|_div_|0.666))*_sig_(0.2*(x[0]-(0.18+30.0))),"{'generation': 0, 'evals': 1, 'test_error': 0.0}"
42,"[[0], [0], [0], [0], [0, 0, 0], [0, 0], [0], [0, 0, 0, 0, 0, 0], [0, 0], [0, 3, 2, 0], [0, 0], [2, 2, 1, 3, 3, 3, 0, 3, 3, 4, 3, 0, 3, 2], [0, 0, 0, 0, 0, 0, 0, 0, 0, 0, 0], [0, 0, 0, 0], [0, 0, 0, 0, 0, 0], [0, 0, 0, 0, 0, 0], [6, 2, 7, 7, 4, 6, 9, 9, 0, 0, 0, 0]]",0.030724214657695238,"[1, 1, 1, 1, 3, 2, 1, 6, 2, 4, 2, 12, 8, 4, 6, 6, 12]",7,(18.975*(1-18.975*(x[0]-36.2)|_div_|33.941)|_div_|(1+_exp_((37.7-0.666)|_div_|0.666)))*(1-_sig_(0.2*(x[0]-(0.666+34.6))))+0.18*(1-0.666)*_exp_((0.666+39.9-x[0])|_div_|40.076)|_div_|(1+_exp_((30.0-x[0])|_div_|0.666))*_sig_(0.2*(x[0]-(0.18+30.0))),"{'generation': 0, 'evals': 1, 'test_error': 0.0}"
43,"[[0], [0], [0], [0], [0, 0, 0], [0, 0], [0], [0, 0, 0, 0, 0, 0], [0, 0], [2, 3, 1, 2], [0, 0], [0, 5, 2, 5, 0, 2, 0, 3, 3, 4, 3, 0, 1, 2], [0, 0, 0, 0, 0, 0, 0, 0, 0, 0, 0], [0, 0, 0, 0], [0, 0, 0, 0, 0, 0], [0, 0, 0, 0, 0, 0], [9, 2, 7, 2, 7, 6, 9, 9, 0, 0, 0, 0]]",0.030724214657695238,"[1, 1, 1, 1, 3, 2, 1, 6, 2, 4, 2, 12, 8, 4, 6, 6, 12]",7,(0.18*(1-13.416*(x[0]-39.2)|_div_|18.975)|_div_|(1+_exp_((37.2-13.416)|_div_|0.18)))*(1-_sig_(0.2*(x[0]-(18.975+37.6))))+0.18*(1-0.666)*_exp_((0.666+39.9-x[0])|_div_|40.076)|_div_|(1+_exp_((30.0-x[0])|_div_|0.666))*_sig_(0.2*(x[0]-(0.18+30.0))),"{'generation': 0, 'evals': 1, 'test_error': 0.0}"
44,"[[0], [0], [0], [0], [0, 0, 0], [0, 0], [0], [0, 0, 0, 0, 0, 0], [0, 0], [0, 3, 0, 2], [0, 0], [4, 2, 1, 3, 0, 3, 0, 3, 3, 4, 3, 0, 3, 2], [0, 0, 0, 0, 0, 0, 0, 0, 0, 0, 0], [0, 0, 0, 0], [0, 0, 0, 0, 0, 0], [0, 0, 0, 0, 0, 0], [0, 2, 2, 2, 7, 1, 9, 9, 0, 0, 0, 0]]",0.030724214657695238,"[1, 1, 1, 1, 3, 2, 1, 6, 2, 4, 2, 12, 8, 4, 6, 6, 12]",7,(40.076*(1-18.975*(x[0]-30.2)|_div_|33.941)|_div_|(1+_exp_((32.2-0.666)|_div_|0.18)))*(1-_sig_(0.2*(x[0]-(0.666+37.1))))+0.18*(1-0.666)*_exp_((0.666+39.9-x[0])|_div_|40.076)|_div_|(1+_exp_((30.0-x[0])|_div_|0.666))*_sig_(0.2*(x[0]-(0.18+30.0))),"{'generation': 0, 'evals': 1, 'test_error': 0.0}"
45,"[[0], [0], [0], [0], [0, 0, 0], [0, 0], [0], [0, 0, 0, 0, 0, 0], [0, 0], [1, 3, 0, 2], [0, 0], [2, 5, 1, 2, 0, 1, 0, 3, 3, 4, 3, 0, 3, 2], [0, 0, 0, 0, 0, 0, 0, 0, 0, 0, 0], [0, 0, 0, 0], [0, 0, 0, 0, 0, 0], [0, 0, 0, 0, 0, 0], [0, 6, 2, 6, 1, 9, 9, 9, 0, 0, 0, 0]]",0.030724214657695238,"[1, 1, 1, 1, 3, 2, 1, 6, 2, 4, 2, 12, 8, 4, 6, 6, 12]",7,(18.975*(1-13.416*(x[0]-30.6)|_div_|33.941)|_div_|(1+_exp_((32.6-18.975)|_div_|0.18)))*(1-_sig_(0.2*(x[0]-(33.941+31.9))))+0.18*(1-0.666)*_exp_((0.666+39.9-x[0])|_div_|40.076)|_div_|(1+_exp_((30.0-x[0])|_div_|0.666))*_sig_(0.2*(x[0]-(0.18+30.0))),"{'generation': 0, 'evals': 1, 'test_error': 0.0}"
46,"[[0], [0], [0], [0], [0, 0, 0], [0, 0], [0], [0, 0, 0, 0, 0, 0], [0, 0], [1, 3, 1, 1], [0, 0], [3, 3, 3, 0, 3, 0, 0, 3, 3, 4, 3, 0, 3, 2], [0, 0, 0, 0, 0, 0, 0, 0, 0, 0, 0], [0, 0, 0, 0], [0, 0, 0, 0, 0, 0], [0, 0, 0, 0, 0, 0], [5, 1, 2, 1, 7, 4, 9, 9, 0, 0, 0, 0]]",0.030724214657695238,"[1, 1, 1, 1, 3, 2, 1, 6, 2, 4, 2, 12, 8, 4, 6, 6, 12]",7,(0.666*(1-0.666*(x[0]-35.1)|_div_|0.666)|_div_|(1+_exp_((32.1-0.18)|_div_|0.666)))*(1-_sig_(0.2*(x[0]-(0.18+37.4))))+0.18*(1-0.666)*_exp_((0.666+39.9-x[0])|_div_|40.076)|_div_|(1+_exp_((30.0-x[0])|_div_|0.666))*_sig_(0.2*(x[0]-(0.18+30.0))),"{'generation': 0, 'evals': 1, 'test_error': 0.0}"
47,"[[0], [0], [0], [0], [0, 0, 0], [0, 0], [0], [0, 0, 0, 0, 0, 0], [0, 0], [1, 3, 0, 2], [0, 0], [4, 0, 4, 2, 0, 5, 0, 3, 3, 4, 3, 0, 3, 2], [0, 0, 0, 0, 0, 0, 0, 0, 0, 0, 0], [0, 0, 0, 0], [0, 0, 0, 0, 0, 0], [0, 0, 0, 0, 0, 0], [8, 1, 0, 6, 0, 7, 9, 9, 0, 0, 0, 0]]",0.030724214657695238,"[1, 1, 1, 1, 3, 2, 1, 6, 2, 4, 2, 12, 8, 4, 6, 6, 12]",7,(40.076*(1-0.18*(x[0]-38.1)|_div_|40.076)|_div_|(1+_exp_((30.6-18.975)|_div_|0.18)))*(1-_sig_(0.2*(x[0]-(13.416+30.7))))+0.18*(1-0.666)*_exp_((0.666+39.9-x[0])|_div_|40.076)|_div_|(1+_exp_((30.0-x[0])|_div_|0.666))*_sig_(0.2*(x[0]-(0.18+30.0))),"{'generation': 0, 'evals': 1, 'test_error': 0.0}"
48,"[[0], [0], [0], [0], [0, 0, 0], [0, 0], [0], [0, 0, 0, 0, 0, 0], [0, 0], [1, 3, 0, 0], [0, 0], [5, 3, 0, 2, 0, 1, 0, 3, 3, 4, 3, 0, 3, 2], [0, 0, 0, 0, 0, 0, 0, 0, 0, 0, 0], [0, 0, 0, 0], [0, 0, 0, 0, 0, 0], [0, 0, 0, 0, 0, 0], [9, 1, 8, 2, 7, 9, 9, 9, 0, 0, 0, 0]]",0.030724214657695238,"[1, 1, 1, 1, 3, 2, 1, 6, 2, 4, 2, 12, 8, 4, 6, 6, 12]",7,(13.416*(1-0.666*(x[0]-39.1)|_div_|0.18)|_div_|(1+_exp_((38.2-18.975)|_div_|0.18)))*(1-_sig_(0.2*(x[0]-(33.941+37.9))))+0.18*(1-0.666)*_exp_((0.666+39.9-x[0])|_div_|40.076)|_div_|(1+_exp_((30.0-x[0])|_div_|0.666))*_sig_(0.2*(x[0]-(0.18+30.0))),"{'generation': 0, 'evals': 1, 'test_error': 0.0}"
49,"[[0], [0], [0], [0], [0, 0, 0], [0, 0], [0], [0, 0, 0, 0, 0, 0], [0, 0], [1, 3, 0, 0], [0, 0], [0, 0, 5, 5, 0, 2, 0, 3, 3, 4, 3, 0, 1, 2], [0, 0, 0, 0, 0, 0, 0, 0, 0, 0, 0], [0, 0, 0, 0], [0, 0, 0, 0, 0, 0], [0, 0, 0, 0, 0, 0], [5, 1, 3, 4, 7, 9, 9, 9, 0, 0, 0, 0]]",0.030724214657695238,"[1, 1, 1, 1, 3, 2, 1, 6, 2, 4, 2, 12, 8, 4, 6, 6, 12]",7,(0.18*(1-0.18*(x[0]-35.1)|_div_|13.416)|_div_|(1+_exp_((33.4-13.416)|_div_|0.18)))*(1-_sig_(0.2*(x[0]-(18.975+37.9))))+0.18*(1-0.666)*_exp_((0.666+39.9-x[0])|_div_|40.076)|_div_|(1+_exp_((30.0-x[0])|_div_|0.666))*_sig_(0.2*(x[0]-(0.18+30.0))),"{'generation': 0, 'evals': 1, 'test_error': 0.0}"
50,"[[0], [0], [0], [0], [0, 0, 0], [0, 0], [0], [0, 0, 0, 0, 0, 0], [0, 0], [1, 3, 0, 2], [0, 0], [2, 4, 5, 5, 0, 5, 0, 3, 3, 4, 3, 0, 1, 2], [0, 0, 0, 0, 0, 0, 0, 0, 0, 0, 0], [0, 0, 0, 0], [0, 0, 0, 0, 0, 0], [0, 0, 0, 0, 0, 0], [6, 1, 9, 7, 7, 8, 9, 9, 0, 4, 0, 0]]",0.031166014234494843,"[1, 1, 1, 1, 3, 2, 1, 6, 2, 4, 2, 12, 8, 4, 6, 6, 12]",7,(18.975*(1-40.076*(x[0]-36.1)|_div_|13.416)|_div_|(1+_exp_((39.7-13.416)|_div_|0.18)))*(1-_sig_(0.2*(x[0]-(13.416+37.8))))+0.18*(1-0.666)*_exp_((0.666+39.9-x[0])|_div_|40.076)|_div_|(1+_exp_((30.4-x[0])|_div_|0.666))*_sig_(0.2*(x[0]-(0.18+30.0))),"{'generation': 0, 'evals': 1, 'test_error': 0.0}"
51,"[[0], [0], [0], [0], [0, 0, 0], [0, 0], [0], [0, 0, 0, 0, 0, 0], [0, 0], [1, 3, 0, 2], [0, 0], [0, 4, 2, 2, 0, 2, 0, 3, 3, 4, 3, 0, 1, 2], [0, 0, 0, 0, 0, 0, 0, 0, 0, 0, 0], [0, 0, 0, 0], [0, 0, 0, 0, 0, 0], [0, 0, 0, 0, 0, 0], [5, 5, 8, 7, 7, 5, 9, 9, 1, 2, 0, 0]]",0.0321638885083271,"[1, 1, 1, 1, 3, 2, 1, 6, 2, 4, 2, 12, 8, 4, 6, 6, 12]",7,(0.18*(1-40.076*(x[0]-35.5)|_div_|18.975)|_div_|(1+_exp_((38.7-18.975)|_div_|0.18)))*(1-_sig_(0.2*(x[0]-(18.975+37.5))))+0.18*(1-0.666)*_exp_((0.666+39.9-x[0])|_div_|40.076)|_div_|(1+_exp_((31.2-x[0])|_div_|0.666))*_sig_(0.2*(x[0]-(0.18+30.0))),"{'generation': 0, 'evals': 1, 'test_error': 0.0}"
52,"[[0], [0], [0], [0], [0, 0, 0], [0, 0], [0], [0, 0, 0, 0, 0, 0], [0, 0], [1, 3, 1, 1], [0, 0], [0, 2, 0, 5, 0, 2, 0, 3, 3, 4, 3, 0, 1, 2], [0, 0, 0, 0, 0, 0, 0, 0, 0, 0, 0], [0, 0, 0, 0], [0, 0, 0, 0, 0, 0], [0, 0, 0, 0, 0, 0], [8, 9, 7, 6, 0, 0, 9, 9, 0, 2, 4, 7]]",0.03585531294326783,"[1, 1, 1, 1, 3, 2, 1, 6, 2, 4, 2, 12, 8, 4, 6, 6, 12]",7,(0.18*(1-18.975*(x[0]-38.9)|_div_|0.18)|_div_|(1+_exp_((37.6-13.416)|_div_|0.18)))*(1-_sig_(0.2*(x[0]-(18.975+30.0))))+0.18*(1-0.666)*_exp_((0.666+39.9-x[0])|_div_|40.076)|_div_|(1+_exp_((30.2-x[0])|_div_|0.666))*_sig_(0.2*(x[0]-(0.18+34.7))),"{'generation': 0, 'evals': 1, 'test_error': 0.0}"
53,"[[0], [0], [0], [0], [0, 0, 0], [0, 0], [0], [0, 0, 0, 0, 0, 0], [0, 0], [1, 3, 0, 1], [0, 0], [0, 5, 3, 2, 0, 1, 0, 3, 3, 4, 3, 0, 3, 2], [0, 0, 0, 0, 0, 0, 0, 0, 0, 0, 0], [0, 0, 0, 0], [0, 0, 0, 0, 0, 0], [0, 0, 0, 0, 0, 0], [2, 5, 5, 2, 5, 6, 9, 9, 0, 5, 5, 0]]",0.03599325460933966,"[1, 1, 1, 1, 3, 2, 1, 6, 2, 4, 2, 12, 8, 4, 6, 6, 12]",7,(0.18*(1-13.416*(x[0]-32.5)|_div_|0.666)|_div_|(1+_exp_((35.2-18.975)|_div_|0.18)))*(1-_sig_(0.2*(x[0]-(33.941+35.6))))+0.18*(1-0.666)*_exp_((0.666+39.9-x[0])|_div_|40.076)|_div_|(1+_exp_((30.5-x[0])|_div_|0.666))*_sig_(0.2*(x[0]-(0.18+35.0))),"{'generation': 0, 'evals': 1, 'test_error': 0.0}"
54,"[[0], [0], [0], [0], [0, 0, 0], [0, 0], [0], [0, 0, 0, 0, 0, 0], [0, 0], [1, 3, 2, 3], [0, 0], [5, 0, 4, 3, 0, 4, 0, 4, 3, 4, 3, 0, 1, 2], [0, 0, 0, 0, 0, 0, 0, 0, 0, 0, 0], [0, 0, 0, 0], [0, 0, 0, 0, 0, 0], [0, 0, 0, 0, 0, 0], [5, 9, 1, 5, 7, 9, 9, 9, 0, 0, 0, 0]]",0.054367819112017775,"[1, 1, 1, 1, 3, 2, 1, 6, 2, 4, 2, 13, 9, 4, 6, 6, 12]",7,(13.416*(1-0.18*(x[0]-35.9)|_div_|40.076)|_div_|(1+_exp_((31.5-0.666)|_div_|0.18)))*(1-_sig_(0.2*(x[0]-(40.076+37.9))))+0.18*(1-40.076)*_exp_((0.666+39.9-x[0])|_div_|40.076)|_div_|(1+_exp_((30.0-0.666)|_div_|0.18))*_sig_(0.2*(x[0]-(33.941+30.0))),"{'generation': 0, 'evals': 1, 'test_error': 0.0}"
55,"[[0], [0], [0], [0], [0, 0, 0], [0, 0], [0], [0, 0, 0, 0, 0, 0], [0, 0], [1, 3, 0, 1], [0, 0], [5, 3, 4, 0, 0, 3, 0, 3, 3, 4, 3, 0, 1, 2], [0, 0, 0, 0, 0, 0, 0, 0, 0, 0, 0], [0, 0, 0, 0], [0, 0, 0, 0, 0, 0], [0, 0, 0, 0, 0, 0], [3, 2, 2, 7, 0, 2, 7, 9, 0, 4, 9, 4]]",0.062679668095099,"[1, 1, 1, 1, 3, 2, 1, 6, 2, 4, 2, 12, 8, 4, 6, 6, 12]",7,(13.416*(1-0.666*(x[0]-33.2)|_div_|40.076)|_div_|(1+_exp_((32.7-0.18)|_div_|0.18)))*(1-_sig_(0.2*(x[0]-(0.666+30.2))))+0.18*(1-0.666)*_exp_((0.666+37.9-x[0])|_div_|40.076)|_div_|(1+_exp_((30.4-x[0])|_div_|0.666))*_sig_(0.2*(x[0]-(0.18+39.4))),"{'generation': 0, 'evals': 1, 'test_error': 0.0}"
56,"[[0], [0], [0], [0], [0, 0, 0], [0, 0], [0], [0, 0, 0, 0, 0, 0], [0, 0], [0, 3, 3, 2], [0, 0], [5, 4, 4, 3, 0, 1, 0, 3, 3, 4, 3, 4, 3, 2], [0, 0, 0, 0, 0, 0, 0, 0, 0, 0, 0], [0, 0, 0, 0], [0, 0, 0, 0, 0, 0], [0, 0, 0, 0, 0, 0], [0, 2, 2, 6, 4, 8, 4, 7, 0, 0, 0, 0]]",0.06625948598546105,"[1, 1, 1, 1, 3, 2, 1, 6, 2, 4, 2, 13, 9, 4, 6, 6, 12]",7,(13.416*(1-40.076*(x[0]-30.2)|_div_|40.076)|_div_|(1+_exp_((32.6-0.666)|_div_|0.18)))*(1-_sig_(0.2*(x[0]-(33.941+34.8))))+0.18*(1-0.666)*_exp_((0.666+34.7-40.076)|_div_|0.666)|_div_|(1+_exp_((30.0-x[0])|_div_|40.076))*_sig_(0.2*(x[0]-(0.666+30.0))),"{'generation': 0, 'evals': 1, 'test_error': 0.0}"
57,"[[0], [0], [0], [0], [0, 0, 0], [0, 0], [0], [0, 0, 0, 0, 0, 0], [0, 0], [2, 3, 0, 2], [0, 0], [4, 5, 5, 0, 0, 0, 3, 3, 3, 4, 3, 0, 1, 2], [0, 0, 0, 0, 0, 0, 0, 0, 0, 0, 0], [0, 0, 0, 0], [0, 0, 0, 0, 0, 0], [0, 0, 0, 0, 0, 0], [2, 8, 8, 7, 7, 6, 9, 0, 0, 0, 3, 0]]",0.14252057298980864,"[1, 1, 1, 1, 3, 2, 1, 6, 2, 4, 2, 12, 8, 4, 6, 6, 12]",7,(40.076*(1-13.416*(x[0]-32.8)|_div_|13.416)|_div_|(1+_exp_((38.7-0.18)|_div_|0.18)))*(1-_sig_(0.2*(x[0]-(0.18+37.6))))+0.666*(1-0.666)*_exp_((0.666+39.0-x[0])|_div_|40.076)|_div_|(1+_exp_((30.0-x[0])|_div_|0.666))*_sig_(0.2*(x[0]-(0.18+33.0))),"{'generation': 0, 'evals': 1, 'test_error': 0.0}"
58,"[[0], [0], [0], [0], [0, 0, 0], [0, 0], [0], [0, 0, 0, 0, 0, 0], [0, 0], [0, 3, 2, 0], [0, 0], [3, 2, 1, 3, 3, 3, 0, 3, 3, 4, 3, 5, 3, 2], [0, 0, 0, 0, 0, 0, 0, 0, 0, 0, 0], [0, 0, 0, 0], [0, 0, 0, 0, 0, 0], [0, 0, 0, 0, 0, 0], [6, 2, 7, 7, 4, 6, 9, 1, 0, 2, 0, 0]]",0.14452476108216497,"[1, 1, 1, 1, 3, 2, 1, 6, 2, 4, 2, 12, 8, 4, 6, 6, 12]",7,(0.666*(1-18.975*(x[0]-36.2)|_div_|33.941)|_div_|(1+_exp_((37.7-0.666)|_div_|0.666)))*(1-_sig_(0.2*(x[0]-(0.666+34.6))))+0.18*(1-0.666)*_exp_((0.666+39.1-x[0])|_div_|40.076)|_div_|(1+_exp_((30.2-x[0])|_div_|0.666))*_sig_(0.2*(x[0]-(13.416+30.0))),"{'generation': 0, 'evals': 1, 'test_error': 0.0}"
59,"[[0], [0], [0], [0], [0, 0, 0], [0, 0], [0], [0, 0, 0, 0, 0, 0], [0, 0], [2, 3, 2, 2], [0, 0], [1, 3, 4, 1, 3, 4, 2, 3, 3, 4, 3, 0, 1, 2], [0, 0, 0, 0, 0, 0, 0, 0, 0, 0, 0], [0, 0, 0, 0], [0, 0, 0, 0, 0, 0], [0, 0, 0, 0, 0, 0], [5, 4, 8, 2, 7, 5, 3, 5, 0, 0, 0, 0]]",3.8147792097747044,"[1, 1, 1, 1, 3, 2, 1, 6, 2, 4, 2, 12, 8, 4, 6, 6, 12]",7,(33.941*(1-0.666*(x[0]-35.4)|_div_|40.076)|_div_|(1+_exp_((38.2-33.941)|_div_|0.666)))*(1-_sig_(0.2*(x[0]-(40.076+37.5))))+18.975*(1-0.666)*_exp_((0.666+33.5-x[0])|_div_|40.076)|_div_|(1+_exp_((30.0-x[0])|_div_|0.666))*_sig_(0.2*(x[0]-(0.18+30.0))),"{'generation': 0, 'evals': 1, 'test_error': 0.0}"
60,"[[0], [0], [0], [0], [0, 0, 0], [0, 0], [0], [0, 0, 0, 0, 0, 0], [0, 0], [0, 3, 1, 0], [0, 0], [3, 2, 3, 0, 1, 3, 0, 0, 3, 4, 3, 0, 1, 2], [0, 0, 0, 0, 0, 0, 0, 0, 0, 0, 0], [0, 0, 0, 0], [0, 0, 0, 0, 0, 0], [0, 0, 0, 0, 0, 0], [2, 0, 7, 9, 7, 6, 5, 9, 4, 0, 0, 0]]",6.04135592743283,"[1, 1, 1, 1, 3, 2, 1, 6, 2, 4, 2, 12, 8, 4, 6, 6, 12]",7,(0.666*(1-18.975*(x[0]-32.0)|_div_|0.666)|_div_|(1+_exp_((37.9-0.18)|_div_|33.941)))*(1-_sig_(0.2*(x[0]-(0.666+37.6))))+0.18*(1-0.18)*_exp_((0.666+35.9-x[0])|_div_|40.076)|_div_|(1+_exp_((34.0-x[0])|_div_|0.666))*_sig_(0.2*(x[0]-(0.18+30.0))),"{'generation': 0, 'evals': 1, 'test_error': 0.0}"
61,"[[0], [0], [0], [0], [0, 0, 0], [0, 0], [0], [0, 0, 0, 0, 0, 0], [0, 0], [0, 3, 2, 0], [0, 0], [5, 2, 1, 3, 5, 3, 0, 3, 3, 4, 3, 2, 3, 2], [0, 0, 0, 0, 0, 0, 0, 0, 0, 0, 0], [0, 0, 0, 0], [0, 0, 0, 0, 0, 0], [0, 0, 0, 0, 0, 0], [5, 5, 6, 7, 1, 9, 9, 9, 0, 0, 0, 0]]",7.3906225538932775,"[1, 1, 1, 1, 3, 2, 1, 6, 2, 4, 2, 12, 8, 4, 6, 6, 12]",7,(13.416*(1-18.975*(x[0]-35.5)|_div_|33.941)|_div_|(1+_exp_((36.7-0.666)|_div_|13.416)))*(1-_sig_(0.2*(x[0]-(0.666+31.9))))+0.18*(1-0.666)*_exp_((0.666+39.9-x[0])|_div_|40.076)|_div_|(1+_exp_((30.0-x[0])|_div_|0.666))*_sig_(0.2*(x[0]-(18.975+30.0))),"{'generation': 0, 'evals': 1, 'test_error': 0.0}"
62,"[[0], [0], [0], [0], [0, 0, 0], [0, 0], [0], [0, 0, 0, 0, 0, 0], [0, 0], [0, 3, 2, 1], [0, 0], [1, 2, 2, 1, 2, 3, 0, 3, 3, 5, 0, 0, 3, 2], [0, 0, 0, 0, 0, 0, 0, 0, 0, 0, 0], [0, 0, 0, 0], [0, 0, 0, 0, 0, 0], [0, 0, 0, 0, 0, 0], [6, 2, 7, 7, 4, 8, 9, 4, 0, 0, 0, 8]]",19.17654544620736,"[1, 1, 1, 1, 3, 2, 1, 6, 2, 4, 2, 12, 8, 4, 6, 6, 12]",7,(33.941*(1-18.975*(x[0]-36.2)|_div_|18.975)|_div_|(1+_exp_((37.7-33.941)|_div_|18.975)))*(1-_sig_(0.2*(x[0]-(0.666+34.8))))+0.18*(1-0.666)*_exp_((0.666+39.4-x[0])|_div_|13.416)|_div_|(1+_exp_((30.0-x[0])|_div_|0.18))*_sig_(0.2*(x[0]-(0.18+30.8))),"{'generation': 0, 'evals': 1, 'test_error': 0.0}"
63,"[[0], [0], [0], [0], [0, 0, 0], [0, 0], [0], [0, 0, 0, 0, 0, 0], [0, 0], [3, 3, 0, 2], [0, 0], [0, 0, 5, 5, 0, 2, 0, 3, 3, 1, 4, 0, 1, 2], [0, 0, 0, 0, 0, 0, 0, 0, 0, 0, 0], [0, 0, 0, 0], [0, 0, 0, 0, 0, 0], [0, 0, 0, 0, 0, 0], [5, 5, 4, 7, 4, 8, 9, 6, 9, 4, 3, 0]]",19.586795776007204,"[1, 1, 1, 1, 3, 2, 1, 6, 2, 4, 2, 13, 9, 4, 6, 6, 12]",7,(0.18*(1-0.18*(13.416-35.5)|_div_|13.416)|_div_|(1+_exp_((34.7-0.18)|_div_|18.975)))*(1-_sig_(0.2*(x[0]-(0.18+34.8))))+0.666*(1-0.666)*_exp_((33.941+39.6-x[0])|_div_|40.076)|_div_|(1+_exp_((39.4-x[0])|_div_|0.18))*_sig_(0.2*(x[0]-(33.941+33.0))),"{'generation': 0, 'evals': 1, 'test_error': 0.0}"
64,"[[0], [0], [0], [0], [0, 0, 0], [0, 0], [0], [0, 0, 0, 0, 0, 0], [0, 0], [3, 2, 0, 1], [0, 0], [4, 5, 2, 1, 0, 3, 0, 3, 3, 4, 3, 3, 1, 2], [0, 0, 0, 0, 0, 0, 0, 0, 0, 0, 0], [0, 0, 0, 0], [0, 0, 0, 0, 0, 0], [0, 0, 0, 0, 0, 0], [6, 9, 5, 7, 4, 3, 9, 9, 0, 0, 0, 7]]",33.03302946836573,"[1, 1, 1, 1, 3, 2, 1, 6, 2, 4, 2, 12, 8, 4, 6, 6, 12]",6,(40.076*(1-13.416*(18.975-36.9)|_div_|33.941)|_div_|(1+_exp_((35.7-x[0])|_div_|0.18)))*(1-_sig_(0.2*(x[0]-(0.666+34.3))))+0.18*(1-0.666)*_exp_((0.666+39.9-x[0])|_div_|40.076)|_div_|(1+_exp_((30.0-x[0])|_div_|0.666))*_sig_(0.2*(x[0]-(0.666+30.7))),"{'generation': 0, 'evals': 1, 'test_error': 0.0}"
65,"[[0], [0], [0], [0], [0, 0, 0], [0, 0], [0], [0, 0, 0, 0, 0, 0], [0, 0], [0, 3, 2, 1], [0, 0], [5, 4, 1, 2, 0, 5, 0, 3, 2, 4, 3, 1, 3, 2], [0, 0, 0, 0, 0, 0, 0, 0, 0, 0, 0], [0, 0, 0, 0], [0, 0, 0, 0, 0, 0], [0, 0, 0, 0, 0, 0], [0, 1, 2, 6, 0, 7, 9, 9, 0, 0, 4, 0]]",34.44508357559459,"[1, 1, 1, 1, 3, 2, 1, 6, 2, 4, 2, 12, 8, 4, 6, 6, 12]",7,(13.416*(1-40.076*(x[0]-30.1)|_div_|33.941)|_div_|(1+_exp_((32.6-18.975)|_div_|0.18)))*(1-_sig_(0.2*(x[0]-(13.416+30.7))))+0.18*(1-0.666)*_exp_((18.975+39.9-x[0])|_div_|40.076)|_div_|(1+_exp_((30.0-x[0])|_div_|0.666))*_sig_(0.2*(x[0]-(33.941+34.0))),"{'generation': 0, 'evals': 1, 'test_error': 0.0}"
66,"[[0], [0], [0], [0], [0, 0, 0], [0, 0], [0], [0, 0, 0, 0, 0, 0], [0, 0], [1, 3, 2, 1], [0, 0], [0, 0, 3, 2, 0, 1, 0, 3, 3, 4, 2, 3, 3, 2], [0, 0, 0, 0, 0, 0, 0, 0, 0, 0, 0], [0, 0, 0, 0], [0, 0, 0, 0, 0, 0], [0, 0, 0, 0, 0, 0], [5, 1, 6, 2, 5, 1, 2, 7, 0, 4, 1, 0]]",66.49801066075206,"[1, 1, 1, 1, 3, 2, 1, 6, 2, 4, 2, 12, 8, 4, 6, 6, 12]",7,(0.18*(1-0.18*(x[0]-35.1)|_div_|0.666)|_div_|(1+_exp_((36.2-18.975)|_div_|0.18)))*(1-_sig_(0.2*(x[0]-(33.941+35.1))))+0.18*(1-0.666)*_exp_((0.666+32.7-x[0])|_div_|40.076)|_div_|(1+_exp_((30.4-x[0])|_div_|18.975))*_sig_(0.2*(x[0]-(0.666+31.0))),"{'generation': 0, 'evals': 1, 'test_error': 0.0}"
67,"[[0], [0], [0], [0], [0, 0, 0], [0, 0], [0], [0, 0, 0, 0, 0, 0], [0, 0], [2, 3, 0, 2], [0, 0], [5, 4, 2, 3, 0, 2, 5, 5, 3, 4, 0, 0, 1, 2], [0, 0, 0, 0, 0, 0, 0, 0, 0, 0, 0], [0, 0, 0, 0], [0, 0, 0, 0, 0, 0], [0, 0, 0, 0, 0, 0], [5, 9, 2, 1, 7, 4, 9, 5, 3, 0, 0, 0]]",101.13604604857908,"[1, 1, 1, 1, 3, 2, 1, 6, 2, 4, 2, 12, 8, 4, 6, 6, 12]",7,(13.416*(1-40.076*(x[0]-35.9)|_div_|18.975)|_div_|(1+_exp_((32.1-0.666)|_div_|0.18)))*(1-_sig_(0.2*(x[0]-(18.975+37.4))))+13.416*(1-13.416)*_exp_((0.666+39.5-x[0])|_div_|40.076)|_div_|(1+_exp_((33.0-x[0])|_div_|0.18))*_sig_(0.2*(x[0]-(0.18+30.0))),"{'generation': 0, 'evals': 1, 'test_error': 0.0}"
68,"[[0], [0], [0], [0], [0, 0, 0], [0, 0], [0], [0, 0, 0, 0, 0, 0], [0, 0], [0, 3, 0, 1], [0, 0], [5, 2, 0, 3, 0, 4, 0, 3, 3, 4, 4, 0, 1, 2], [0, 0, 0, 0, 0, 0, 0, 0, 0, 0, 0], [0, 0, 0, 0], [0, 0, 0, 0, 0, 0], [0, 0, 0, 0, 0, 0], [5, 1, 9, 7, 7, 6, 6, 9, 0, 0, 0, 0]]",177.35970234388836,"[1, 1, 1, 1, 3, 2, 1, 6, 2, 4, 2, 12, 8, 4, 6, 6, 12]",7,(13.416*(1-18.975*(x[0]-35.1)|_div_|0.18)|_div_|(1+_exp_((39.7-0.666)|_div_|0.18)))*(1-_sig_(0.2*(x[0]-(40.076+37.6))))+0.18*(1-0.666)*_exp_((0.666+36.9-x[0])|_div_|40.076)|_div_|(1+_exp_((30.0-x[0])|_div_|40.076))*_sig_(0.2*(x[0]-(0.18+30.0))),"{'generation': 0, 'evals': 1, 'test_error': 0.0}"
69,"[[0], [0], [0], [0], [0, 0, 0], [0, 0], [0], [0, 0, 0, 0, 0, 0], [0, 0], [0, 3, 2, 2], [0, 0], [0, 0, 5, 2, 4, 2, 0, 3, 3, 4, 4, 3, 1, 2], [0, 0, 0, 0, 0, 0, 0, 0, 0, 0, 0], [0, 0, 0, 0], [0, 0, 0, 0, 0, 0], [0, 0, 0, 0, 0, 0], [6, 1, 5, 7, 4, 1, 7, 5, 0, 0, 0, 0]]",244.69876317180447,"[1, 1, 1, 1, 3, 2, 1, 6, 2, 4, 2, 12, 8, 4, 6, 6, 12]",7,(0.18*(1-0.18*(x[0]-36.1)|_div_|13.416)|_div_|(1+_exp_((35.7-18.975)|_div_|40.076)))*(1-_sig_(0.2*(x[0]-(18.975+34.1))))+0.18*(1-0.666)*_exp_((0.666+37.5-x[0])|_div_|40.076)|_div_|(1+_exp_((30.0-x[0])|_div_|40.076))*_sig_(0.2*(x[0]-(0.666+30.0))),"{'generation': 0, 'evals': 1, 'test_error': 0.0}"
70,"[[0], [0], [0], [0], [0, 0, 0], [0, 0], [0], [0, 0, 0, 0, 0, 0], [0, 0], [1, 3, 2, 1], [0, 0], [4, 4, 5, 4, 0, 5, 2, 3, 3, 4, 3, 0, 3, 2], [0, 0, 0, 0, 0, 0, 0, 0, 0, 0, 0], [0, 0, 0, 0], [0, 0, 0, 0, 0, 0], [0, 0, 0, 0, 0, 0], [0, 1, 2, 8, 0, 9, 2, 9, 4, 0, 0, 0]]",364.0679742796708,"[1, 1, 1, 1, 3, 2, 1, 6, 2, 4, 2, 12, 8, 4, 6, 6, 12]",7,(40.076*(1-40.076*(x[0]-30.1)|_div_|13.416)|_div_|(1+_exp_((32.8-40.076)|_div_|0.18)))*(1-_sig_(0.2*(x[0]-(13.416+30.9))))+18.975*(1-0.666)*_exp_((0.666+32.9-x[0])|_div_|40.076)|_div_|(1+_exp_((34.0-x[0])|_div_|0.666))*_sig_(0.2*(x[0]-(0.18+30.0))),"{'generation': 0, 'evals': 1, 'test_error': 0.0}"
71,"[[0], [0], [0], [0], [0, 0, 0], [0, 0], [0], [0, 0, 0, 0, 0, 0], [0, 0], [2, 3, 2, 0], [0, 0], [1, 1, 5, 2, 3, 2, 1, 3, 0, 4, 3, 4, 1, 2], [0, 0, 0, 0, 0, 0, 0, 0, 0, 0, 0], [0, 0, 0, 0], [0, 0, 0, 0, 0, 0], [0, 0, 0, 0, 0, 0], [2, 4, 0, 7, 7, 6, 0, 9, 5, 3, 0, 0]]",1512.8043932482035,"[1, 1, 1, 1, 3, 2, 1, 6, 2, 4, 2, 12, 8, 4, 6, 6, 12]",7,(33.941*(1-33.941*(x[0]-32.4)|_div_|13.416)|_div_|(1+_exp_((30.7-18.975)|_div_|0.666)))*(1-_sig_(0.2*(x[0]-(18.975+37.6))))+33.941*(1-0.666)*_exp_((0.18+30.9-x[0])|_div_|40.076)|_div_|(1+_exp_((35.3-x[0])|_div_|0.666))*_sig_(0.2*(x[0]-(40.076+30.0))),"{'generation': 0, 'evals': 1, 'test_error': 0.0}"
72,"[[0], [0], [0], [0], [0, 0, 0], [0, 0], [0], [0, 0, 0, 0, 0, 0], [0, 0], [1, 3, 1, 1], [0, 0], [3, 3, 4, 4, 0, 2, 1, 5, 3, 1, 0, 5, 1, 2], [0, 0, 0, 0, 0, 0, 0, 0, 0, 0, 0], [0, 0, 0, 0], [0, 0, 0, 0, 0, 0], [0, 0, 0, 0, 0, 0], [5, 3, 9, 7, 7, 6, 9, 9, 0, 0, 0, 9]]",1646.4788510631274,"[1, 1, 1, 1, 3, 2, 1, 6, 2, 4, 2, 12, 8, 4, 6, 6, 12]",7,(0.666*(1-0.666*(x[0]-35.3)|_div_|40.076)|_div_|(1+_exp_((39.7-40.076)|_div_|0.18)))*(1-_sig_(0.2*(x[0]-(18.975+37.6))))+33.941*(1-13.416)*_exp_((0.666+39.9-x[0])|_div_|33.941)|_div_|(1+_exp_((30.0-x[0])|_div_|0.18))*_sig_(0.2*(x[0]-(13.416+30.9))),"{'generation': 0, 'evals': 1, 'test_error': 0.0}"
73,"[[0], [0], [0], [0], [0, 0, 0], [0, 0], [0], [0, 0, 0, 0, 0, 0], [0, 0], [2, 3, 0, 1], [0, 0], [2, 2, 3, 3, 1, 4, 0, 3, 3, 4, 0, 0, 3, 2], [0, 0, 0, 0, 0, 0, 0, 0, 0, 0, 0], [0, 0, 0, 0], [0, 0, 0, 0, 0, 0], [0, 0, 0, 0, 0, 0], [6, 2, 7, 7, 4, 6, 3, 9, 0, 0, 0, 0]]",1714.2168132797306,"[1, 1, 1, 1, 3, 2, 1, 6, 2, 4, 2, 12, 8, 4, 6, 6, 12]",7,(18.975*(1-18.975*(x[0]-36.2)|_div_|0.666)|_div_|(1+_exp_((37.7-0.666)|_div_|33.941)))*(1-_sig_(0.2*(x[0]-(40.076+34.6))))+0.18*(1-0.666)*_exp_((0.666+33.9-x[0])|_div_|40.076)|_div_|(1+_exp_((30.0-x[0])|_div_|0.18))*_sig_(0.2*(x[0]-(0.18+30.0))),"{'generation': 0, 'evals': 1, 'test_error': 0.0}"
74,"[[0], [0], [0], [0], [0, 0, 0], [0, 0], [0], [0, 0, 0, 0, 0, 0], [0, 0], [1, 0, 3, 0], [0, 0], [5, 4, 5, 3, 0, 4, 1, 4, 5, 4, 3, 0, 1, 2], [0, 0, 0, 0, 0, 0, 0, 0, 0, 0, 0], [0, 0, 0, 0], [0, 0, 0, 0, 0, 0], [0, 0, 0, 0, 0, 0], [2, 7, 5, 7, 7, 6, 9, 3, 0, 1, 8, 0]]",9024.738765340648,"[1, 1, 1, 1, 3, 2, 1, 6, 2, 4, 2, 12, 8, 4, 6, 6, 12]",7,(13.416*(1-40.076*(x[0]-32.7)|_div_|13.416)|_div_|(1+_exp_((35.7-x[0])|_div_|0.666)))*(1-_sig_(0.2*(x[0]-(0.18+37.6))))+40.076*(1-33.941)*_exp_((40.076+39.3-13.416)|_div_|40.076)|_div_|(1+_exp_((30.1-x[0])|_div_|0.666))*_sig_(0.2*(x[0]-(0.18+38.0))),"{'generation': 0, 'evals': 1, 'test_error': 0.0}"
75,"[[0], [0], [0], [0], [0, 0, 0], [0, 0], [0], [0, 0, 0, 0, 0, 0], [0, 0], [1, 3, 2, 0], [0, 0], [1, 3, 3, 2, 0, 1, 2, 3, 3, 4, 2, 0, 3, 2], [0, 0, 0, 0, 0, 0, 0, 0, 0, 0, 0], [0, 0, 0, 0], [0, 0, 0, 0, 0, 0], [0, 0, 0, 0, 0, 0], [0, 9, 2, 6, 0, 2, 9, 9, 9, 0, 6, 0]]",13510.335850756,"[1, 1, 1, 1, 3, 2, 1, 6, 2, 4, 2, 12, 8, 4, 6, 6, 12]",7,(33.941*(1-0.666*(x[0]-30.9)|_div_|0.666)|_div_|(1+_exp_((32.6-18.975)|_div_|0.18)))*(1-_sig_(0.2*(x[0]-(33.941+30.2))))+18.975*(1-0.666)*_exp_((0.666+39.9-x[0])|_div_|40.076)|_div_|(1+_exp_((39.0-x[0])|_div_|18.975))*_sig_(0.2*(x[0]-(0.18+36.0))),"{'generation': 0, 'evals': 1, 'test_error': 0.0}"
76,"[[0], [0], [0], [0], [0, 0, 0], [0, 0], [0], [0, 0, 0, 0, 0, 0], [0, 0], [1, 3, 2, 0], [0, 0], [1, 3, 3, 2, 0, 1, 1, 3, 3, 4, 2, 0, 3, 2], [0, 0, 0, 0, 0, 0, 0, 0, 0, 0, 0], [0, 0, 0, 0], [0, 0, 0, 0, 0, 0], [0, 0, 0, 0, 0, 0], [5, 5, 1, 2, 7, 7, 2, 7, 7, 4, 5, 4]]",19403.39022018974,"[1, 1, 1, 1, 3, 2, 1, 6, 2, 4, 2, 12, 8, 4, 6, 6, 12]",7,(33.941*(1-0.666*(x[0]-35.5)|_div_|0.666)|_div_|(1+_exp_((31.2-18.975)|_div_|0.18)))*(1-_sig_(0.2*(x[0]-(33.941+37.7))))+33.941*(1-0.666)*_exp_((0.666+32.7-x[0])|_div_|40.076)|_div_|(1+_exp_((37.4-x[0])|_div_|18.975))*_sig_(0.2*(x[0]-(0.18+35.4))),"{'generation': 0, 'evals': 1, 'test_error': 0.0}"
77,"[[0], [0], [0], [0], [0, 0, 0], [0, 0], [0], [0, 0, 0, 0, 0, 0], [0, 0], [1, 3, 2, 2], [0, 0], [0, 1, 3, 4, 4, 2, 0, 5, 3, 1, 2, 0, 1, 2], [0, 0, 0, 0, 0, 0, 0, 0, 0, 0, 0], [0, 0, 0, 0], [0, 0, 0, 0, 0, 0], [0, 0, 0, 0, 0, 0], [2, 0, 5, 7, 9, 5, 9, 9, 5, 0, 0, 9]]",49841.77224559152,"[1, 1, 1, 1, 3, 2, 1, 6, 2, 4, 2, 12, 8, 4, 6, 6, 12]",7,(0.18*(1-33.941*(x[0]-32.0)|_div_|0.666)|_div_|(1+_exp_((35.7-40.076)|_div_|40.076)))*(1-_sig_(0.2*(x[0]-(18.975+39.5))))+0.18*(1-13.416)*_exp_((0.666+39.9-x[0])|_div_|33.941)|_div_|(1+_exp_((35.0-x[0])|_div_|18.975))*_sig_(0.2*(x[0]-(0.18+30.9))),"{'generation': 0, 'evals': 1, 'test_error': 0.0}"
78,"[[0], [0], [0], [0], [0, 0, 0], [0, 0], [0], [0, 0, 0, 0, 0, 0], [0, 0], [2, 0, 1, 1], [0, 0], [1, 5, 3, 0, 0, 2, 0, 3, 2, 5, 0, 3, 1, 2], [0, 0, 0, 0, 0, 0, 0, 0, 0, 0, 0], [0, 0, 0, 0], [0, 0, 0, 0, 0, 0], [0, 0, 0, 0, 0, 0], [2, 7, 9, 7, 8, 6, 9, 5, 0, 0, 8, 3]]",150372.90529773853,"[1, 1, 1, 1, 3, 2, 1, 6, 2, 4, 2, 11, 7, 4, 6, 6, 12]",6,(33.941*(1-13.416*(x[0]-32.7)|_div_|0.666)|_div_|(1+_exp_((39.7-x[0])|_div_|0.18)))*(1-_sig_(0.2*(x[0]-(0.18+38.6))))+18.975*(1-0.18)*_exp_((0.666+39.5-x[0])|_div_|18.975)|_div_|(1+_exp_((30.0-x[0])|_div_|13.416))*_sig_(0.2*(x[0]-(0.18+38.3))),"{'generation': 0, 'evals': 1, 'test_error': 0.0}"
79,"[[0], [0], [0], [0], [0, 0, 0], [0, 0], [0], [0, 0, 0, 0, 0, 0], [0, 0], [0, 0, 3, 3], [0, 0], [2, 4, 5, 3, 0, 0, 5, 3, 2, 2, 3, 2, 1, 2], [0, 0, 0, 0, 0, 0, 0, 0, 0, 0, 0], [0, 0, 0, 0], [0, 0, 0, 0, 0, 0], [0, 0, 0, 0, 0, 0], [3, 9, 7, 2, 7, 7, 8, 9, 0, 0, 0, 0]]",3155846.465131696,"[1, 1, 1, 1, 3, 2, 1, 6, 2, 4, 2, 13, 9, 4, 6, 6, 12]",7,(18.975*(1-40.076*(x[0]-33.9)|_div_|13.416)|_div_|(1+_exp_((37.2-x[0])|_div_|0.666)))*(1-_sig_(0.2*(x[0]-(0.18+37.7))))+0.18*(1-13.416)*_exp_((0.666+38.9-18.975)|_div_|18.975)|_div_|(1+_exp_((30.0-0.666)|_div_|18.975))*_sig_(0.2*(x[0]-(33.941+30.0))),"{'generation': 0, 'evals': 1, 'test_error': 0.0}"
80,"[[0], [0], [0], [0], [0, 0, 0], [0, 0], [0], [0, 0, 0, 0, 0, 0], [0, 0], [1, 3, 0, 2], [0, 0], [1, 5, 3, 3, 2, 2, 0, 3, 3, 4, 4, 0, 1, 2], [0, 0, 0, 0, 0, 0, 0, 0, 0, 0, 0], [0, 0, 0, 0], [0, 0, 0, 0, 0, 0], [0, 0, 0, 0, 0, 0], [6, 4, 1, 7, 1, 3, 9, 9, 5, 0, 5, 0]]",11000729.801505564,"[1, 1, 1, 1, 3, 2, 1, 6, 2, 4, 2, 12, 8, 4, 6, 6, 12]",7,(33.941*(1-13.416*(x[0]-36.4)|_div_|0.666)|_div_|(1+_exp_((31.7-0.666)|_div_|18.975)))*(1-_sig_(0.2*(x[0]-(18.975+31.3))))+0.18*(1-0.666)*_exp_((0.666+39.9-x[0])|_div_|40.076)|_div_|(1+_exp_((35.0-x[0])|_div_|40.076))*_sig_(0.2*(x[0]-(0.18+35.0))),"{'generation': 0, 'evals': 1, 'test_error': 0.0}"
81,"[[0], [0], [0], [0], [0, 0, 0], [0, 0], [0], [0, 0, 0, 0, 0, 0], [0, 0], [0, 2, 0, 2], [0, 0], [4, 3, 2, 0, 3, 4, 0, 0, 4, 4, 4, 0, 1, 2], [0, 0, 0, 0, 0, 0, 0, 0, 0, 0, 0], [0, 0, 0, 0], [0, 0, 0, 0, 0, 0], [0, 0, 0, 0, 0, 0], [9, 6, 2, 4, 3, 6, 0, 9, 0, 0, 0, 0]]",240738502.38217705,"[1, 1, 1, 1, 3, 2, 1, 6, 2, 4, 2, 11, 7, 4, 6, 6, 12]",6,(40.076*(1-0.666*(x[0]-39.6)|_div_|18.975)|_div_|(1+_exp_((32.4-x[0])|_div_|0.18)))*(1-_sig_(0.2*(x[0]-(0.666+33.6))))+40.076*(1-0.18)*_exp_((0.18+30.9-x[0])|_div_|40.076)|_div_|(1+_exp_((30.0-x[0])|_div_|40.076))*_sig_(0.2*(x[0]-(40.076+30.0))),"{'generation': 0, 'evals': 1, 'test_error': 0.0}"
82,"[[0], [0], [0], [0], [0, 0, 0], [0, 0], [0], [0, 0, 0, 0, 0, 0], [0, 0], [1, 2, 0, 2], [0, 0], [2, 4, 5, 3, 3, 2, 0, 3, 3, 3, 3, 0, 1, 2], [0, 0, 0, 0, 0, 0, 0, 0, 0, 0, 0], [0, 0, 0, 0], [0, 0, 0, 0, 0, 0], [0, 0, 0, 0, 0, 0], [0, 0, 9, 4, 5, 6, 9, 9, 0, 5, 0, 0]]",199361507029.81543,"[1, 1, 1, 1, 3, 2, 1, 6, 2, 4, 2, 11, 7, 4, 6, 6, 12]",6,(18.975*(1-40.076*(x[0]-30.0)|_div_|13.416)|_div_|(1+_exp_((39.4-x[0])|_div_|0.666)))*(1-_sig_(0.2*(x[0]-(0.666+35.6))))+18.975*(1-0.18)*_exp_((0.666+39.9-x[0])|_div_|0.666)|_div_|(1+_exp_((30.5-x[0])|_div_|0.666))*_sig_(0.2*(x[0]-(0.666+30.0))),"{'generation': 0, 'evals': 1, 'test_error': 0.0}"
83,"[[0], [0], [0], [0], [0, 0, 0], [0, 0], [0], [0, 0, 0, 0, 0, 0], [0, 0], [0, 3, 3, 2], [0, 0], [4, 1, 1, 0, 0, 0, 5, 3, 3, 5, 3, 0, 3, 2], [0, 0, 0, 0, 0, 0, 0, 0, 0, 0, 0], [0, 0, 0, 0], [0, 0, 0, 0, 0, 0], [0, 0, 0, 0, 0, 0], [0, 2, 3, 6, 2, 4, 9, 7, 0, 0, 0, 0]]",1.515881216217214e+18,"[1, 1, 1, 1, 3, 2, 1, 6, 2, 4, 2, 13, 9, 4, 6, 6, 12]",7,(40.076*(1-33.941*(x[0]-30.2)|_div_|33.941)|_div_|(1+_exp_((33.6-0.18)|_div_|0.18)))*(1-_sig_(0.2*(x[0]-(0.18+32.4))))+13.416*(1-0.666)*_exp_((0.666+39.7-13.416)|_div_|0.666)|_div_|(1+_exp_((30.0-x[0])|_div_|0.18))*_sig_(0.2*(x[0]-(0.666+30.0))),"{'generation': 0, 'evals': 1, 'test_error': 0.0}"
84,"[[0], [0], [0], [0], [0, 0, 0], [0, 0], [0], [0, 0, 0, 0, 0, 0], [0, 0], [0, 3, 2, 1], [0, 0], [1, 3, 1, 5, 0, 1, 3, 3, 3, 0, 0, 3, 1, 2], [0, 0, 0, 0, 0, 0, 0, 0, 0, 0, 0], [0, 0, 0, 0], [0, 0, 0, 0, 0, 0], [0, 0, 0, 0, 0, 0], [4, 1, 1, 7, 9, 6, 9, 7, 1, 0, 4, 0]]",6.856451185537671e+25,"[1, 1, 1, 1, 3, 2, 1, 6, 2, 4, 2, 12, 8, 4, 6, 6, 12]",7,(33.941*(1-0.666*(x[0]-34.1)|_div_|33.941)|_div_|(1+_exp_((31.7-13.416)|_div_|0.18)))*(1-_sig_(0.2*(x[0]-(33.941+39.6))))+0.666*(1-0.666)*_exp_((0.666+39.7-x[0])|_div_|0.18)|_div_|(1+_exp_((31.0-x[0])|_div_|0.18))*_sig_(0.2*(x[0]-(0.666+34.0))),"{'generation': 0, 'evals': 1, 'test_error': 0.0}"
85,"[[0], [0], [0], [0], [0, 0, 0], [0, 0], [0], [0, 0, 0, 0, 0, 0], [0, 0], [0, 3, 2, 0], [0, 0], [1, 2, 5, 2, 1, 4, 0, 3, 3, 0, 0, 0, 1, 2], [0, 0, 0, 0, 0, 0, 0, 0, 0, 0, 0], [0, 0, 0, 0], [0, 0, 0, 0, 0, 0], [0, 0, 0, 0, 0, 0], [5, 4, 8, 9, 7, 5, 9, 9, 0, 3, 0, 0]]",1.1213462417300976e+27,"[1, 1, 1, 1, 3, 2, 1, 6, 2, 4, 2, 12, 8, 4, 6, 6, 12]",7,(33.941*(1-18.975*(x[0]-35.4)|_div_|13.416)|_div_|(1+_exp_((38.9-18.975)|_div_|33.941)))*(1-_sig_(0.2*(x[0]-(40.076+37.5))))+0.18*(1-0.666)*_exp_((0.666+39.9-x[0])|_div_|0.18)|_div_|(1+_exp_((30.3-x[0])|_div_|0.18))*_sig_(0.2*(x[0]-(0.18+30.0))),"{'generation': 0, 'evals': 1, 'test_error': 0.0}"
86,"[[0], [0], [0], [0], [0, 0, 0], [0, 0], [0], [0, 0, 0, 0, 0, 0], [0, 0], [3, 3, 1, 1], [0, 0], [4, 1, 5, 5, 0, 2, 0, 3, 1, 4, 3, 0, 1, 2], [0, 0, 0, 0, 0, 0, 0, 0, 0, 0, 0], [0, 0, 0, 0], [0, 0, 0, 0, 0, 0], [0, 0, 0, 0, 0, 0], [2, 0, 1, 7, 5, 6, 2, 9, 0, 5, 8, 7]]",2.2702880730080996e+31,"[1, 1, 1, 1, 3, 2, 1, 6, 2, 4, 2, 13, 9, 4, 6, 6, 12]",7,(40.076*(1-33.941*(13.416-32.0)|_div_|13.416)|_div_|(1+_exp_((31.7-0.18)|_div_|18.975)))*(1-_sig_(0.2*(x[0]-(0.18+35.6))))+0.666*(1-33.941)*_exp_((40.076+32.9-x[0])|_div_|0.666)|_div_|(1+_exp_((30.5-x[0])|_div_|0.18))*_sig_(0.2*(x[0]-(33.941+38.7))),"{'generation': 0, 'evals': 1, 'test_error': 0.0}"
87,"[[0], [0], [0], [0], [0, 0, 0], [0, 0], [0], [0, 0, 0, 0, 0, 0], [0, 0], [0, 0, 0, 1], [0, 0], [4, 5, 5, 0, 2, 0, 2, 3, 3, 4, 3, 3, 1, 2], [0, 0, 0, 0, 0, 0, 0, 0, 0, 0, 0], [0, 0, 0, 0], [0, 0, 0, 0, 0, 0], [0, 0, 0, 0, 0, 0], [5, 5, 4, 7, 1, 2, 2, 9, 0, 4, 3, 0]]",2.9321663646261637e+38,"[1, 1, 1, 1, 3, 2, 1, 6, 2, 4, 2, 11, 7, 4, 6, 6, 12]",6,(40.076*(1-13.416*(x[0]-35.5)|_div_|13.416)|_div_|(1+_exp_((34.7-x[0])|_div_|0.18)))*(1-_sig_(0.2*(x[0]-(18.975+31.2))))+0.18*(1-18.975)*_exp_((0.666+32.9-x[0])|_div_|0.666)|_div_|(1+_exp_((30.4-x[0])|_div_|40.076))*_sig_(0.2*(x[0]-(0.666+33.0))),"{'generation': 0, 'evals': 1, 'test_error': 0.0}"
88,"[[0], [0], [0], [0], [0, 0, 0], [0, 0], [0], [0, 0, 0, 0, 0, 0], [0, 0], [1, 1, 1, 2], [0, 0], [0, 3, 2, 5, 0, 3, 0, 3, 3, 4, 0, 0, 1, 2], [0, 0, 0, 0, 0, 0, 0, 0, 0, 0, 0], [0, 0, 0, 0], [0, 0, 0, 0, 0, 0], [0, 0, 0, 0, 0, 0], [0, 0, 2, 2, 8, 6, 9, 6, 0, 0, 0, 0]]",5.809711865818544e+41,"[1, 1, 1, 1, 3, 2, 1, 6, 2, 4, 2, 11, 7, 4, 6, 6, 12]",6,(0.18*(1-0.666*(x[0]-30.0)|_div_|18.975)|_div_|(1+_exp_((32.2-x[0])|_div_|13.416)))*(1-_sig_(0.2*(x[0]-(0.18+38.6))))+0.666*(1-0.18)*_exp_((0.666+39.6-x[0])|_div_|0.666)|_div_|(1+_exp_((30.0-x[0])|_div_|40.076))*_sig_(0.2*(x[0]-(0.18+30.0))),"{'generation': 0, 'evals': 1, 'test_error': 0.0}"
89,"[[0], [0], [0], [0], [0, 0, 0], [0, 0], [0], [0, 0, 0, 0, 0, 0], [0, 0], [2, 3, 0, 2], [0, 0], [0, 3, 3, 0, 3, 0, 2, 3, 3, 3, 2, 0, 3, 2], [0, 0, 0, 0, 0, 0, 0, 0, 0, 0, 0], [0, 0, 0, 0], [0, 0, 0, 0, 0, 0], [0, 0, 0, 0, 0, 0], [6, 7, 2, 1, 7, 4, 9, 9, 0, 0, 0, 0]]",3.1729348375488264e+42,"[1, 1, 1, 1, 3, 2, 1, 6, 2, 4, 2, 12, 8, 4, 6, 6, 12]",7,(0.18*(1-0.666*(x[0]-36.7)|_div_|0.666)|_div_|(1+_exp_((32.1-0.18)|_div_|0.666)))*(1-_sig_(0.2*(x[0]-(0.18+37.4))))+18.975*(1-0.666)*_exp_((0.666+39.9-x[0])|_div_|0.666)|_div_|(1+_exp_((30.0-x[0])|_div_|18.975))*_sig_(0.2*(x[0]-(0.18+30.0))),"{'generation': 0, 'evals': 1, 'test_error': 0.0}"
90,"[[0], [0], [0], [0], [0, 0, 0], [0, 0], [0], [0, 0, 0, 0, 0, 0], [0, 0], [0, 2, 0, 1], [0, 0], [1, 5, 1, 2, 0, 3, 5, 3, 3, 4, 1, 0, 1, 2], [0, 0, 0, 0, 0, 0, 0, 0, 0, 0, 0], [0, 0, 0, 0], [0, 0, 0, 0, 0, 0], [0, 0, 0, 0, 0, 0], [0, 8, 2, 3, 9, 6, 4, 9, 0, 8, 1, 0]]",7.798562213214362e+42,"[1, 1, 1, 1, 3, 2, 1, 6, 2, 4, 2, 11, 7, 4, 6, 6, 12]",6,(33.941*(1-13.416*(x[0]-30.8)|_div_|33.941)|_div_|(1+_exp_((32.3-x[0])|_div_|18.975)))*(1-_sig_(0.2*(x[0]-(0.18+39.6))))+0.666*(1-13.416)*_exp_((0.666+34.9-x[0])|_div_|0.666)|_div_|(1+_exp_((30.8-x[0])|_div_|40.076))*_sig_(0.2*(x[0]-(33.941+31.0))),"{'generation': 0, 'evals': 1, 'test_error': 0.0}"
91,"[[0], [0], [0], [0], [0, 0, 0], [0, 0], [0], [0, 0, 0, 0, 0, 0], [0, 0], [1, 0, 0, 2], [0, 0], [4, 5, 5, 0, 0, 3, 0, 2, 3, 4, 3, 0, 1, 2], [0, 0, 0, 0, 0, 0, 0, 0, 0, 0, 0], [0, 0, 0, 0], [0, 0, 0, 0, 0, 0], [0, 0, 0, 0, 0, 0], [5, 5, 4, 1, 1, 0, 8, 9, 0, 0, 0, 0]]",1.9457465674556844e+53,"[1, 1, 1, 1, 3, 2, 1, 6, 2, 4, 2, 11, 7, 4, 6, 6, 12]",6,(40.076*(1-13.416*(x[0]-35.5)|_div_|13.416)|_div_|(1+_exp_((34.1-x[0])|_div_|0.18)))*(1-_sig_(0.2*(x[0]-(0.18+31.0))))+0.666*(1-0.18)*_exp_((18.975+38.9-x[0])|_div_|0.666)|_div_|(1+_exp_((30.0-x[0])|_div_|40.076))*_sig_(0.2*(x[0]-(0.666+30.0))),"{'generation': 0, 'evals': 1, 'test_error': 0.0}"
92,"[[0], [0], [0], [0], [0, 0, 0], [0, 0], [0], [0, 0, 0, 0, 0, 0], [0, 0], [2, 2, 0, 3], [0, 0], [2, 5, 4, 1, 2, 1, 5, 5, 3, 4, 3, 3, 3, 2], [0, 0, 0, 0, 0, 0, 0, 0, 0, 0, 0], [0, 0, 0, 0], [0, 0, 0, 0, 0, 0], [0, 0, 0, 0, 0, 0], [5, 5, 4, 8, 2, 1, 9, 9, 0, 0, 1, 0]]",8.748422596849177e+53,"[1, 1, 1, 1, 3, 2, 1, 6, 2, 4, 2, 12, 8, 4, 6, 6, 12]",7,(18.975*(1-13.416*(x[0]-35.5)|_div_|40.076)|_div_|(1+_exp_((34.8-x[0])|_div_|33.941)))*(1-_sig_(0.2*(x[0]-(18.975+32.1))))+33.941*(1-13.416)*_exp_((13.416+39.9-x[0])|_div_|0.666)|_div_|(1+_exp_((30.0-40.076)|_div_|0.666))*_sig_(0.2*(x[0]-(0.666+31.0))),"{'generation': 0, 'evals': 1, 'test_error': 0.0}"
93,"[[0], [0], [0], [0], [0, 0, 0], [0, 0], [0], [0, 0, 0, 0, 0, 0], [0, 0], [1, 2, 0, 2], [0, 0], [4, 5, 5, 3, 0, 2, 0, 2, 3, 4, 3, 0, 1, 2], [0, 0, 0, 0, 0, 0, 0, 0, 0, 0, 0], [0, 0, 0, 0], [0, 0, 0, 0, 0, 0], [0, 0, 0, 0, 0, 0], [0, 0, 5, 4, 7, 4, 9, 9, 5, 0, 0, 8]]",2.6467041231324346e+55,"[1, 1, 1, 1, 3, 2, 1, 6, 2, 4, 2, 11, 7, 4, 6, 6, 12]",6,(40.076*(1-13.416*(x[0]-30.0)|_div_|13.416)|_div_|(1+_exp_((35.4-x[0])|_div_|0.666)))*(1-_sig_(0.2*(x[0]-(0.18+37.4))))+18.975*(1-0.18)*_exp_((18.975+39.9-x[0])|_div_|0.666)|_div_|(1+_exp_((35.0-x[0])|_div_|40.076))*_sig_(0.2*(x[0]-(0.666+30.8))),"{'generation': 0, 'evals': 1, 'test_error': 0.0}"
94,"[[0], [0], [0], [0], [0, 0, 0], [0, 0], [0], [0, 0, 0, 0, 0, 0], [0, 0], [1, 1, 2, 2], [0, 0], [4, 3, 4, 3, 0, 5, 1, 1, 3, 2, 0, 0, 3, 2], [0, 0, 0, 0, 0, 0, 0, 0, 0, 0, 0], [0, 0, 0, 0], [0, 0, 0, 0, 0, 0], [0, 0, 0, 0, 0, 0], [0, 1, 2, 6, 0, 6, 9, 9, 0, 3, 0, 0]]",1.0886901880620298e+66,"[1, 1, 1, 1, 3, 2, 1, 6, 2, 4, 2, 11, 7, 4, 6, 6, 12]",6,(40.076*(1-0.666*(x[0]-30.1)|_div_|40.076)|_div_|(1+_exp_((32.6-x[0])|_div_|0.666)))*(1-_sig_(0.2*(x[0]-(0.18+30.6))))+13.416*(1-33.941)*_exp_((33.941+39.9-x[0])|_div_|0.666)|_div_|(1+_exp_((30.3-x[0])|_div_|18.975))*_sig_(0.2*(x[0]-(0.18+30.0))),"{'generation': 0, 'evals': 1, 'test_error': 0.0}"
95,"[[0], [0], [0], [0], [0, 0, 0], [0, 0], [0], [0, 0, 0, 0, 0, 0], [0, 0], [3, 3, 1, 2], [0, 0], [1, 1, 4, 0, 0, 3, 0, 3, 2, 1, 3, 2, 1, 2], [0, 0, 0, 0, 0, 0, 0, 0, 0, 0, 0], [0, 0, 0, 0], [0, 0, 0, 0, 0, 0], [0, 0, 0, 0, 0, 0], [4, 1, 5, 2, 7, 1, 9, 9, 2, 0, 0, 8]]",2.7236478873241437e+67,"[1, 1, 1, 1, 3, 2, 1, 6, 2, 4, 2, 13, 9, 4, 6, 6, 12]",7,(33.941*(1-33.941*(40.076-34.1)|_div_|0.18)|_div_|(1+_exp_((35.2-0.18)|_div_|0.666)))*(1-_sig_(0.2*(x[0]-(0.18+37.1))))+0.666*(1-18.975)*_exp_((33.941+39.9-x[0])|_div_|0.666)|_div_|(1+_exp_((32.0-x[0])|_div_|18.975))*_sig_(0.2*(x[0]-(33.941+30.8))),"{'generation': 0, 'evals': 1, 'test_error': 0.0}"
96,"[[0], [0], [0], [0], [0, 0, 0], [0, 0], [0], [0, 0, 0, 0, 0, 0], [0, 0], [1, 1, 2, 0], [0, 0], [1, 4, 1, 0, 3, 2, 4, 4, 3, 4, 4, 0, 1, 2], [0, 0, 0, 0, 0, 0, 0, 0, 0, 0, 0], [0, 0, 0, 0], [0, 0, 0, 0, 0, 0], [0, 0, 0, 0, 0, 0], [5, 5, 4, 2, 1, 6, 9, 9, 0, 0, 0, 0]]",1.8067887042664337e+74,"[1, 1, 1, 1, 3, 2, 1, 6, 2, 4, 2, 11, 7, 4, 6, 6, 12]",6,(33.941*(1-40.076*(x[0]-35.5)|_div_|33.941)|_div_|(1+_exp_((34.2-x[0])|_div_|0.18)))*(1-_sig_(0.2*(x[0]-(0.666+31.6))))+18.975*(1-40.076)*_exp_((40.076+39.9-x[0])|_div_|0.666)|_div_|(1+_exp_((30.0-x[0])|_div_|40.076))*_sig_(0.2*(x[0]-(40.076+30.0))),"{'generation': 0, 'evals': 1, 'test_error': 0.0}"
97,"[[0], [0], [0], [0], [0, 0, 0], [0, 0], [0], [0, 0, 0, 0, 0, 0], [0, 0], [1, 3, 2, 0], [0, 0], [2, 0, 4, 3, 0, 2, 0, 3, 3, 0, 3, 0, 3, 2], [0, 0, 0, 0, 0, 0, 0, 0, 0, 0, 0], [0, 0, 0, 0], [0, 0, 0, 0, 0, 0], [0, 0, 0, 0, 0, 0], [5, 1, 2, 8, 2, 7, 7, 9, 0, 6, 1, 0]]",3.580576631349684e+110,"[1, 1, 1, 1, 3, 2, 1, 6, 2, 4, 2, 12, 8, 4, 6, 6, 12]",7,(18.975*(1-0.18*(x[0]-35.1)|_div_|40.076)|_div_|(1+_exp_((32.8-0.666)|_div_|0.18)))*(1-_sig_(0.2*(x[0]-(18.975+32.7))))+0.18*(1-0.666)*_exp_((0.666+37.9-x[0])|_div_|0.18)|_div_|(1+_exp_((30.6-x[0])|_div_|0.666))*_sig_(0.2*(x[0]-(0.18+31.0))),"{'generation': 0, 'evals': 1, 'test_error': 0.0}"
98,"[[0], [0], [0], [0], [0, 0, 0], [0, 0], [0], [0, 0, 0, 0, 0, 0], [0, 0], [0, 3, 2, 1], [0, 0], [1, 3, 5, 0, 2, 3, 0, 3, 3, 0, 3, 2, 1, 2], [0, 0, 0, 0, 0, 0, 0, 0, 0, 0, 0], [0, 0, 0, 0], [0, 0, 0, 0, 0, 0], [0, 0, 0, 0, 0, 0], [5, 5, 4, 3, 1, 6, 9, 9, 0, 0, 0, 8]]",2.4312492822412673e+117,"[1, 1, 1, 1, 3, 2, 1, 6, 2, 4, 2, 12, 8, 4, 6, 6, 12]",7,(33.941*(1-0.666*(x[0]-35.5)|_div_|13.416)|_div_|(1+_exp_((34.3-0.18)|_div_|18.975)))*(1-_sig_(0.2*(x[0]-(0.666+31.6))))+0.18*(1-0.666)*_exp_((0.666+39.9-x[0])|_div_|0.18)|_div_|(1+_exp_((30.0-x[0])|_div_|0.666))*_sig_(0.2*(x[0]-(18.975+30.8))),"{'generation': 0, 'evals': 1, 'test_error': 0.0}"
99,"[[0], [0], [0], [0], [0, 0, 0], [0, 0], [0], [0, 0, 0, 0, 0, 0], [0, 0], [1, 3, 0, 0], [0, 0], [5, 3, 3, 2, 0, 1, 0, 3, 3, 0, 4, 0, 3, 2], [0, 0, 0, 0, 0, 0, 0, 0, 0, 0, 0], [0, 0, 0, 0], [0, 0, 0, 0, 0, 0], [0, 0, 0, 0, 0, 0], [9, 1, 5, 5, 7, 2, 9, 6, 0, 0, 0, 0]]",8.189082613781153e+146,"[1, 1, 1, 1, 3, 2, 1, 6, 2, 4, 2, 12, 8, 4, 6, 6, 12]",7,(13.416*(1-0.666*(x[0]-39.1)|_div_|0.666)|_div_|(1+_exp_((35.5-18.975)|_div_|0.18)))*(1-_sig_(0.2*(x[0]-(33.941+37.2))))+0.18*(1-0.666)*_exp_((0.666+39.6-x[0])|_div_|0.18)|_div_|(1+_exp_((30.0-x[0])|_div_|40.076))*_sig_(0.2*(x[0]-(0.18+30.0))),"{'generation': 0, 'evals': 1, 'test_error': 0.0}"
